1706889656695 10.906778335571289 0
1706889656769 10.763888359069824 0
1706889656840 10.855579376220703 0
1706889656911 10.919831275939941 0
1706889656979 10.851825714111328 0
1706889657054 10.776187896728516 0
1706889657127 10.891583442687988 0
1706889657223 10.782312393188477 0
1706889657300 10.753676414489746 0
1706889657376 10.858527183532715 0
1706889657452 10.885595321655273 0
1706889657526 11.02776050567627 0
1706889657597 10.645418167114258 0
1706889657676 10.793885231018066 0
1706889657747 10.70424747467041 0
1706889657822 10.874405860900879 0
1706889657893 10.789831161499023 0
1706889657968 10.694524765014648 0
1706889658035 10.910987854003906 0
1706889658108 10.829231262207031 0
1706889658177 10.784374237060547 0
1706889658249 10.751593589782715 0
1706889658322 10.93366813659668 0
1706889658394 10.746936798095703 0
1706889658460 10.771153450012207 0
1706889658531 10.766195297241211 0
1706889658597 10.769536972045898 0
1706889658667 10.898820877075195 0
1706889658736 10.703324317932129 0
1706889658805 10.850320816040039 0
1706889658872 10.842727661132812 0
1706889658941 10.839875221252441 0
1706889659008 10.78024959564209 0
1706889659078 10.778487205505371 0
1706889659145 10.894734382629395 0
1706889659215 10.760014533996582 0
1706889659282 10.7429780960083 0
1706889659353 10.733121871948242 0
1706889659429 10.827969551086426 0
1706889659500 10.666000366210938 0
1706889659567 10.840983390808105 0
1706889659638 10.89748764038086 0
1706889659707 10.793460845947266 0
1706889659778 10.775957107543945 0
1706889659845 10.723373413085938 0
1706889659916 10.88079833984375 0
1706889659985 10.735877990722656 0
1706889660057 10.814323425292969 0
1706889660124 10.769265174865723 0
1706889660197 10.845378875732422 0
1706889660265 10.780274391174316 0
1706889660335 10.90790843963623 0
1706889660403 10.934287071228027 0
1706889660475 10.791190147399902 0
1706889660548 10.935115814208984 0
1706889660619 10.966203689575195 0
1706889660688 10.945995330810547 0
1706889660758 10.929850578308105 0
1706889660823 10.890645980834961 0
1706889660896 10.843121528625488 0
1706889660963 10.800759315490723 0
1706889661042 10.716965675354004 0
1706889661109 10.87152099609375 0
1706889661180 10.862353324890137 0
1706889661247 10.803050994873047 0
1706889661317 10.833608627319336 0
1706889661386 10.799971580505371 0
1706889661458 10.840130805969238 0
1706889661528 10.905607223510742 0
1706889661600 10.858928680419922 0
1706889661671 10.839495658874512 0
1706889661742 10.766714096069336 0
1706889661810 10.909430503845215 0
1706889661883 10.720885276794434 0
1706889661951 10.893796920776367 0
1706889662024 10.883655548095703 0
1706889662095 10.746638298034668 0
1706889662170 11.022428512573242 0
1706889662247 10.899087905883789 0
1706889662321 10.777460098266602 0
1706889662407 10.800408363342285 0
1706889662492 10.844622611999512 0
1706889662565 10.6726655960083 0
1706889662640 10.893850326538086 0
1706889662721 10.836769104003906 0
1706889662807 10.802590370178223 0
1706889662915 10.787028312683105 0
1706889663048 10.759485244750977 0
1706889663218 10.774822235107422 0
1706889663450 10.929058074951172 0
1706889663632 10.798572540283203 0
1706889663745 10.775203704833984 0
1706889663817 10.764667510986328 0
1706889663892 10.845447540283203 0
1706889663960 10.80100154876709 0
1706889664029 10.670475959777832 0
1706889664097 10.956756591796875 0
1706889664165 10.774628639221191 0
1706889664236 10.805436134338379 0
1706889664310 10.753155708312988 0
1706889664379 10.847383499145508 0
1706889664451 10.9327392578125 0
1706889664521 10.78696060180664 0
1706889664597 10.949193000793457 0
1706889664667 10.862470626831055 0
1706889664741 10.863072395324707 0
1706889664814 10.73177719116211 0
1706889664886 10.876459121704102 0
1706889664960 10.947515487670898 0
1706889665036 10.764989852905273 0
1706889665110 10.826160430908203 0
1706889665184 10.796965599060059 0
1706889665258 10.733506202697754 0
1706889665337 10.732970237731934 0
1706889665415 10.788722038269043 0
1706889665492 10.680713653564453 0
1706889665573 10.869264602661133 0
1706889665660 10.80938720703125 0
1706889665736 10.778890609741211 0
1706889665812 10.753544807434082 0
1706889665893 10.80566692352295 0
1706889665975 10.833678245544434 0
1706889666055 10.875572204589844 0
1706889666133 10.817859649658203 0
1706889666207 10.724176406860352 0
1706889666328 10.873295783996582 0
1706889666396 10.729816436767578 0
1706889666463 10.87061882019043 0
1706889666531 10.780550003051758 0
1706889666605 10.808900833129883 0
1706889666677 10.830937385559082 0
1706889666753 10.763226509094238 0
1706889666825 10.841652870178223 0
1706889666899 10.713688850402832 0
1706889666972 10.690750122070312 0
1706889667052 10.918235778808594 0
1706889667122 10.980793952941895 0
1706889667201 10.73526668548584 0
1706889667274 10.829766273498535 0
1706889667349 10.95492935180664 0
1706889667423 10.960540771484375 0
1706889667503 10.810246467590332 0
1706889667575 10.732827186584473 0
1706889667649 10.92955493927002 0
1706889667721 10.82532024383545 0
1706889667799 10.891932487487793 0
1706889667873 10.866148948669434 0
1706889667947 10.803452491760254 0
1706889668028 10.780373573303223 0
1706889668105 10.721811294555664 0
1706889668174 10.849145889282227 0
1706889668249 10.782185554504395 0
1706889668322 10.873882293701172 0
1706889668398 10.879054069519043 0
1706889668467 10.783638000488281 0
1706889668539 10.68873119354248 0
1706889668608 10.874553680419922 0
1706889668678 10.874948501586914 0
1706889668747 10.74812126159668 0
1706889668819 10.820404052734375 0
1706889668891 10.781455993652344 0
1706889668963 10.832204818725586 0
1706889669035 10.984798431396484 0
1706889669106 10.83114242553711 0
1706889669174 10.836312294006348 0
1706889669242 10.85621452331543 0
1706889669308 10.8981294631958 0
1706889669383 10.77338695526123 0
1706889669455 10.7485990524292 0
1706889669528 10.914650917053223 0
1706889669598 10.733556747436523 0
1706889669668 10.841272354125977 0
1706889669735 10.731066703796387 0
1706889669804 10.803558349609375 0
1706889669871 10.761497497558594 0
1706889669939 10.815093994140625 0
1706889670007 10.709880828857422 0
1706889670080 10.81883430480957 0
1706889670148 10.836735725402832 0
1706889670219 10.754291534423828 0
1706889670286 10.802180290222168 0
1706889670357 10.836122512817383 0
1706889670424 10.699776649475098 0
1706889670500 10.948450088500977 0
1706889670576 10.91252326965332 0
1706889670646 10.86136245727539 0
1706889670712 10.8158597946167 0
1706889670781 10.824899673461914 0
1706889670849 10.642909049987793 0
1706889670920 10.902410507202148 0
1706889670987 10.786809921264648 0
1706889671064 10.847166061401367 0
1706889671132 10.69226360321045 0
1706889671202 10.73794174194336 0
1706889671279 10.837331771850586 0
1706889671356 10.787874221801758 0
1706889671428 10.771931648254395 0
1706889671498 10.769104957580566 0
1706889671569 10.898866653442383 0
1706889671647 10.719109535217285 0
1706889671719 10.855454444885254 0
1706889671795 10.889710426330566 0
1706889671866 10.722685813903809 0
1706889671941 10.802934646606445 0
1706889672011 10.859476089477539 0
1706889672082 10.792481422424316 0
1706889672152 10.85101318359375 0
1706889672254 10.934270858764648 0
1706889672321 10.792816162109375 0
1706889672392 10.809367179870605 0
1706889672462 10.847407341003418 0
1706889672533 10.903155326843262 0
1706889672603 10.842475891113281 0
1706889672678 10.795422554016113 0
1706889672748 10.788092613220215 0
1706889672821 10.867002487182617 0
1706889672896 10.723907470703125 0
1706889672970 10.866539001464844 0
1706889673041 10.875060081481934 0
1706889673112 10.794816017150879 0
1706889673181 10.812777519226074 0
1706889673252 10.928574562072754 0
1706889673323 10.796798706054688 0
1706889673393 10.704833030700684 0
1706889673461 10.813575744628906 0
1706889673533 10.754295349121094 0
1706889673605 10.762450218200684 0
1706889673679 10.820070266723633 0
1706889673751 10.757204055786133 0
1706889673827 10.732192039489746 0
1706889673905 10.909762382507324 0
1706889673985 10.734906196594238 0
1706889674056 10.845298767089844 0
1706889674126 10.881277084350586 0
1706889674195 10.782535552978516 0
1706889674272 10.83933162689209 0
1706889674341 10.774410247802734 0
1706889674412 10.806203842163086 0
1706889674481 10.751914978027344 0
1706889674551 10.66990852355957 0
1706889674620 10.728043556213379 0
1706889674692 10.842997550964355 0
1706889674763 10.80140495300293 0
1706889674835 10.844917297363281 0
1706889674912 10.8457612991333 0
1706889674983 10.8771390914917 0
1706889675055 10.750459671020508 0
1706889675126 10.838903427124023 0
1706889675194 10.717930793762207 0
1706889675265 10.84272289276123 0
1706889675332 10.866229057312012 0
1706889675404 10.778403282165527 0
1706889675472 10.760465621948242 0
1706889675549 10.772581100463867 0
1706889675616 10.84609603881836 0
1706889675688 10.79587459564209 0
1706889675756 10.735245704650879 0
1706889675875 10.837848663330078 0
1706889675968 10.970793724060059 0
1706889676048 10.888585090637207 0
1706889676118 10.79086971282959 0
1706889676190 10.849989891052246 0
1706889676260 10.809261322021484 0
1706889676330 10.822026252746582 0
1706889676402 10.744277000427246 0
1706889676472 10.961811065673828 0
1706889676545 10.8063383102417 0
1706889676621 10.909891128540039 0
1706889676697 10.826566696166992 0
1706889676769 10.613908767700195 0
1706889676840 10.818744659423828 0
1706889676918 10.79604721069336 0
1706889676988 10.848616600036621 0
1706889677058 10.841517448425293 0
1706889677135 10.867990493774414 0
1706889677208 10.9185152053833 0
1706889677274 10.799769401550293 0
1706889677346 10.836894989013672 0
1706889677415 10.7421236038208 0
1706889677488 10.768299102783203 0
1706889677556 10.815841674804688 0
1706889677628 10.757246017456055 0
1706889677697 10.9843168258667 0
1706889677767 10.694071769714355 0
1706889677839 10.748339653015137 0
1706889677915 10.702003479003906 0
1706889677985 10.738776206970215 0
1706889678061 10.924345970153809 0
1706889678130 10.91436767578125 0
1706889678204 10.643243789672852 0
1706889678275 10.736295700073242 0
1706889678347 10.721266746520996 0
1706889678419 10.792718887329102 0
1706889678490 10.794121742248535 0
1706889678560 10.784870147705078 0
1706889678631 10.729146957397461 0
1706889678700 10.831026077270508 0
1706889678774 10.82158374786377 0
1706889678847 10.841024398803711 0
1706889678919 10.882621765136719 0
1706889678989 10.76488971710205 0
1706889679064 10.692715644836426 0
1706889679135 10.881823539733887 0
1706889679204 10.817608833312988 0
1706889679271 10.822834968566895 0
1706889679348 10.883930206298828 0
1706889679417 10.859930038452148 0
1706889679491 10.810150146484375 0
1706889679560 10.77296257019043 0
1706889679628 10.852883338928223 0
1706889679700 10.68891716003418 0
1706889679772 10.773903846740723 0
1706889679841 10.889288902282715 0
1706889679913 10.863539695739746 0
1706889679985 10.89235782623291 0
1706889680059 10.726930618286133 0
1706889680129 10.784158706665039 0
1706889680198 10.867941856384277 0
1706889680270 10.729199409484863 0
1706889680343 10.779057502746582 0
1706889680415 10.771479606628418 0
1706889680490 10.787675857543945 0
1706889680564 10.692211151123047 0
1706889680637 10.892773628234863 0
1706889680711 10.846098899841309 0
1706889680783 10.810120582580566 0
1706889680851 10.652715682983398 0
1706889680925 10.92068862915039 0
1706889680997 10.828987121582031 0
1706889681069 10.881178855895996 0
1706889681138 10.73854923248291 0
1706889681207 10.805608749389648 0
1706889681274 10.800374984741211 0
1706889681344 10.848543167114258 0
1706889681413 10.898558616638184 0
1706889681484 10.921586036682129 0
1706889681558 10.88089370727539 0
1706889681631 10.705704689025879 0
1706889681699 10.836963653564453 0
1706889681770 10.797480583190918 0
1706889681839 10.812871932983398 0
1706889681908 10.778897285461426 0
1706889681975 10.88453197479248 0
1706889682045 10.955744743347168 0
1706889682117 10.831876754760742 0
1706889682193 10.795151710510254 0
1706889682358 10.829093933105469 0
1706889682428 10.77110481262207 0
1706889682496 10.879124641418457 0
1706889682569 10.799788475036621 0
1706889682647 10.91556453704834 0
1706889682724 10.758036613464355 0
1706889682791 10.915186882019043 0
1706889682866 10.677894592285156 0
1706889682934 10.857524871826172 0
1706889683009 10.843963623046875 0
1706889683083 10.786598205566406 0
1706889683158 10.9248685836792 0
1706889683228 10.845492362976074 0
1706889683299 10.815778732299805 0
1706889683367 10.724996566772461 0
1706889683441 10.789133071899414 0
1706889683509 10.965452194213867 0
1706889683579 10.782118797302246 0
1706889683646 10.762081146240234 0
1706889683720 10.978398323059082 0
1706889683794 10.771308898925781 0
1706889683864 10.772610664367676 0
1706889683934 10.721725463867188 0
1706889684005 10.76832103729248 0
1706889684075 11.020332336425781 0
1706889684144 10.759054183959961 0
1706889684218 10.810602188110352 0
1706889684288 10.80221939086914 0
1706889684358 10.779489517211914 0
1706889684429 10.804710388183594 0
1706889684502 10.854802131652832 0
1706889684575 10.874505996704102 0
1706889684646 10.6876220703125 0
1706889684718 10.786983489990234 0
1706889684786 10.754798889160156 0
1706889684864 10.813325881958008 0
1706889684934 10.876635551452637 0
1706889685008 10.67041301727295 0
1706889685077 10.820322036743164 0
1706889685149 10.735641479492188 0
1706889685218 10.911287307739258 0
1706889685291 10.819249153137207 0
1706889685360 10.748868942260742 0
1706889685434 10.723602294921875 0
1706889685504 10.750676155090332 0
1706889685575 10.864897727966309 0
1706889685644 10.798211097717285 0
1706889685718 10.681873321533203 0
1706889685787 10.974384307861328 0
1706889685857 10.785143852233887 0
1706889685929 10.661624908447266 0
1706889686005 10.87936782836914 0
1706889686076 10.715805053710938 0
1706889686148 10.917180061340332 0
1706889686215 10.813873291015625 0
1706889686287 10.747206687927246 0
1706889686353 10.852947235107422 0
1706889686425 10.934905052185059 0
1706889686492 11.042739868164062 0
1706889686563 10.862346649169922 0
1706889686735 10.859187126159668 0
1706889686809 10.726092338562012 0
1706889686880 10.804314613342285 0
1706889686956 10.873233795166016 0
1706889687027 10.853757858276367 0
1706889687105 10.785128593444824 0
1706889687178 10.778295516967773 0
1706889687247 10.751163482666016 0
1706889687317 10.862298965454102 0
1706889687394 10.883309364318848 0
1706889687475 10.978926658630371 0
1706889687557 10.945694923400879 0
1706889687628 10.750823974609375 0
1706889687704 10.881287574768066 0
1706889687779 10.914652824401855 0
1706889687856 10.932121276855469 0
1706889687934 10.94236946105957 0
1706889688017 10.770712852478027 0
1706889688108 10.878707885742188 0
1706889688208 10.869704246520996 0
1706889688310 10.770014762878418 0
1706889688403 10.730476379394531 0
1706889688616 10.870213508605957 0
1706889688703 10.81722354888916 0
1706889688778 10.728462219238281 0
1706889688854 10.825475692749023 0
1706889688932 10.718547821044922 0
1706889689014 10.92781925201416 0
1706889689090 10.879132270812988 0
1706889689168 10.72369384765625 0
1706889689243 10.720020294189453 0
1706889689322 10.776504516601562 0
1706889689399 10.765883445739746 0
1706889689475 10.796339988708496 0
1706889689543 10.830329895019531 0
1706889689615 10.823516845703125 0
1706889689688 10.835198402404785 0
1706889689760 10.771915435791016 0
1706889689832 10.854957580566406 0
1706889689909 10.810275077819824 0
1706889689983 10.836134910583496 0
1706889690054 10.809675216674805 0
1706889690127 10.737298965454102 0
1706889690203 10.810702323913574 0
1706889690277 10.850395202636719 0
1706889690363 10.818605422973633 0
1706889690438 10.92076587677002 0
1706889690523 10.895540237426758 0
1706889690600 10.939059257507324 0
1706889690678 10.803264617919922 0
1706889690749 10.7806978225708 0
1706889690823 10.845659255981445 0
1706889690896 10.8756103515625 0
1706889690970 10.902153015136719 0
1706889691043 10.794708251953125 0
1706889691117 10.771666526794434 0
1706889691186 10.754911422729492 0
1706889691257 10.790702819824219 0
1706889691324 10.667912483215332 0
1706889691396 10.852187156677246 0
1706889691466 10.96013069152832 0
1706889691536 10.765242576599121 0
1706889691608 10.723123550415039 0
1706889691685 10.857117652893066 0
1706889691758 10.918235778808594 0
1706889691828 10.706466674804688 0
1706889691897 10.829742431640625 0
1706889691966 10.689547538757324 0
1706889692036 10.8458251953125 0
1706889692110 10.609389305114746 0
1706889692176 10.903541564941406 0
1706889692249 10.733054161071777 0
1706889692317 10.754738807678223 0
1706889692388 10.761787414550781 0
1706889692458 10.832719802856445 0
1706889692527 10.908032417297363 0
1706889692597 10.76564884185791 0
1706889692679 10.905709266662598 0
1706889692784 10.849564552307129 0
1706889692857 10.920654296875 0
1706889692927 10.851241111755371 0
1706889693001 10.885990142822266 0
1706889693165 10.876771926879883 0
1706889693234 10.735875129699707 0
1706889693304 10.765609741210938 0
1706889693375 10.802912712097168 0
1706889693444 10.789896965026855 0
1706889693516 10.795613288879395 0
1706889693587 10.768333435058594 0
1706889693659 10.816304206848145 0
1706889693729 10.854594230651855 0
1706889693801 10.853001594543457 0
1706889693874 10.830575942993164 0
1706889693946 10.854377746582031 0
1706889694014 10.708625793457031 0
1706889694087 10.903310775756836 0
1706889694158 10.734211921691895 0
1706889694232 10.81260871887207 0
1706889694303 10.7256498336792 0
1706889694375 10.688143730163574 0
1706889694444 10.782092094421387 0
1706889694517 10.833724021911621 0
1706889694586 10.730340003967285 0
1706889694659 10.803513526916504 0
1706889694726 10.89120864868164 0
1706889694799 10.890698432922363 0
1706889694868 10.789645195007324 0
1706889694947 10.910990715026855 0
1706889695020 10.748298645019531 0
1706889695095 10.831620216369629 0
1706889695164 10.832980155944824 0
1706889695236 10.711691856384277 0
1706889695307 10.834026336669922 0
1706889695380 10.888315200805664 0
1706889695449 10.822303771972656 0
1706889695520 10.85251522064209 0
1706889695591 10.894506454467773 0
1706889695663 10.849552154541016 0
1706889695735 10.73721694946289 0
1706889695806 10.930256843566895 0
1706889695877 10.74519157409668 0
1706889695948 10.828739166259766 0
1706889696022 10.783839225769043 0
1706889696096 10.80320930480957 0
1706889696165 10.731338500976562 0
1706889696236 10.794816017150879 0
1706889696306 10.809062957763672 0
1706889696375 10.883623123168945 0
1706889696446 10.711589813232422 0
1706889696521 10.758959770202637 0
1706889696598 10.900208473205566 0
1706889696673 10.825261116027832 0
1706889696758 10.869414329528809 0
1706889696835 10.823442459106445 0
1706889696924 10.887161254882812 0
1706889697018 11.01373291015625 0
1706889697103 10.735136985778809 0
1706889697181 10.68079662322998 0
1706889697251 10.773338317871094 0
1706889697327 10.79300594329834 0
1706889697402 10.802456855773926 0
1706889697475 10.87022876739502 0
1706889697545 10.815237998962402 0
1706889697632 10.916337966918945 0
1706889697718 10.777530670166016 0
1706889697798 10.80305004119873 0
1706889697872 10.820680618286133 0
1706889697951 10.9263334274292 0
1706889698027 10.83675479888916 0
1706889698112 10.775501251220703 0
1706889698212 10.74719524383545 0
1706889698301 10.854643821716309 0
1706889698380 10.807010650634766 0
1706889698459 10.82779598236084 0
1706889698535 10.75234603881836 0
1706889698642 10.88640022277832 0
1706889698717 10.797486305236816 0
1706889698796 10.737774848937988 0
1706889698874 10.711888313293457 0
1706889698955 10.965350151062012 0
1706889699045 10.830662727355957 0
1706889699153 10.88542366027832 0
1706889699237 10.87584400177002 0
1706889699319 10.723798751831055 0
1706889699404 10.807204246520996 0
1706889699503 10.853662490844727 0
1706889699587 10.798066139221191 0
1706889699671 10.74043083190918 0
1706889699754 10.83128547668457 0
1706889699839 10.894292831420898 0
1706889699923 10.847456932067871 0
1706889700007 10.837355613708496 0
1706889700097 10.833925247192383 0
1706889700175 10.860255241394043 0
1706889700249 10.91972541809082 0
1706889700333 10.82127857208252 0
1706889700418 10.776446342468262 0
1706889700504 10.777379989624023 0
1706889700585 10.835622787475586 0
1706889700672 10.863088607788086 0
1706889700749 10.846503257751465 0
1706889700835 10.806608200073242 0
1706889700912 10.836298942565918 0
1706889700993 10.837709426879883 0
1706889701077 10.93730354309082 0
1706889701159 10.816370964050293 0
1706889701230 10.784716606140137 0
1706889701304 10.754059791564941 0
1706889701382 10.721759796142578 0
1706889701461 10.85853385925293 0
1706889701538 10.887517929077148 0
1706889701610 10.8483247756958 0
1706889701686 10.723247528076172 0
1706889701797 10.85245132446289 0
1706889701883 10.81470775604248 0
1706889701964 10.76601791381836 0
1706889702044 10.880067825317383 0
1706889702125 10.825178146362305 0
1706889702199 10.870076179504395 0
1706889702273 10.861016273498535 0
1706889702346 11.01590347290039 0
1706889702424 10.7218656539917 0
1706889702498 10.822811126708984 0
1706889702576 10.764190673828125 0
1706889702651 10.705191612243652 0
1706889702727 10.69530200958252 0
1706889702802 10.823695182800293 0
1706889702879 10.80259895324707 0
1706889702959 10.829116821289062 0
1706889703043 10.810752868652344 0
1706889703118 10.762862205505371 0
1706889703197 10.793694496154785 0
1706889703271 10.83309268951416 0
1706889703345 10.790122032165527 0
1706889703418 10.678397178649902 0
1706889703494 10.721059799194336 0
1706889703615 10.844310760498047 0
1706889703690 10.794408798217773 0
1706889703764 10.841986656188965 0
1706889703842 10.821098327636719 0
1706889703916 10.882759094238281 0
1706889703995 10.796638488769531 0
1706889704071 10.729902267456055 0
1706889704155 10.890177726745605 0
1706889704235 10.829270362854004 0
1706889704311 10.804437637329102 0
1706889704390 10.708174705505371 0
1706889704473 10.789379119873047 0
1706889704596 10.785329818725586 0
1706889704670 10.912496566772461 0
1706889704745 10.814352989196777 0
1706889704819 10.892938613891602 0
1706889704892 10.792540550231934 0
1706889704968 10.859601020812988 0
1706889705043 10.777032852172852 0
1706889705120 10.761351585388184 0
1706889705194 10.862692832946777 0
1706889705275 10.937128067016602 0
1706889705348 10.790349006652832 0
1706889705422 10.758414268493652 0
1706889705493 10.75623893737793 0
1706889705568 10.74348258972168 0
1706889705640 10.693358421325684 0
1706889705714 10.757660865783691 0
1706889705790 10.803523063659668 0
1706889705863 10.838126182556152 0
1706889705935 10.79010009765625 0
1706889706011 10.883896827697754 0
1706889706080 10.773369789123535 0
1706889706155 10.9221830368042 0
1706889706224 10.724820137023926 0
1706889706297 10.745631217956543 0
1706889706371 10.857681274414062 0
1706889706444 10.869241714477539 0
1706889706514 10.8569974899292 0
1706889706587 10.814567565917969 0
1706889706656 10.831371307373047 0
1706889706734 10.870824813842773 0
1706889706806 10.715198516845703 0
1706889706877 10.829130172729492 0
1706889706949 10.751382827758789 0
1706889707024 10.761209487915039 0
1706889707095 10.759299278259277 0
1706889707179 10.614810943603516 0
1706889707268 10.747087478637695 0
1706889707342 10.781817436218262 0
1706889707417 10.861261367797852 0
1706889707497 10.750091552734375 0
1706889707565 10.830636024475098 0
1706889707639 10.869854927062988 0
1706889707718 10.817482948303223 0
1706889707793 10.747186660766602 0
1706889707866 10.970653533935547 0
1706889707942 10.748048782348633 0
1706889708017 10.774168014526367 0
1706889708093 10.846917152404785 0
1706889708172 10.862738609313965 0
1706889708247 10.714076042175293 0
1706889708318 10.783946990966797 0
1706889708397 10.739815711975098 0
1706889708475 10.88620376586914 0
1706889708554 10.805259704589844 0
1706889708633 10.906499862670898 0
1706889708706 10.896384239196777 0
1706889708781 10.744690895080566 0
1706889708858 10.916118621826172 0
1706889708931 10.886672019958496 0
1706889709009 10.631875991821289 0
1706889709083 10.812925338745117 0
1706889709165 10.727960586547852 0
1706889709243 10.845717430114746 0
1706889709322 10.959134101867676 0
1706889709391 10.85620403289795 0
1706889709465 10.807157516479492 0
1706889709538 10.855320930480957 0
1706889709613 10.802641868591309 0
1706889709683 10.721574783325195 0
1706889709775 10.802980422973633 0
1706889709855 10.782264709472656 0
1706889709935 10.833478927612305 0
1706889710013 10.938092231750488 0
1706889710090 10.812522888183594 0
1706889710163 10.767377853393555 0
1706889710238 10.894593238830566 0
1706889710310 11.03006362915039 0
1706889710386 10.747932434082031 0
1706889710468 10.737560272216797 0
1706889710550 10.709208488464355 0
1706889710622 10.63374137878418 0
1706889710696 10.83740234375 0
1706889710770 10.759052276611328 0
1706889710852 10.7914457321167 0
1706889710945 10.92370891571045 0
1706889711032 10.878813743591309 0
1706889711105 10.796778678894043 0
1706889711180 10.757412910461426 0
1706889711252 10.846211433410645 0
1706889711327 10.795461654663086 0
1706889711399 10.836602210998535 0
1706889711477 10.908204078674316 0
1706889711553 10.702078819274902 0
1706889711630 10.930726051330566 0
1706889711703 10.815443992614746 0
1706889711786 10.895049095153809 0
1706889711856 10.846566200256348 0
1706889711934 10.919376373291016 0
1706889712020 10.903634071350098 0
1706889712108 10.715497016906738 0
1706889712192 10.830628395080566 0
1706889712272 10.742101669311523 0
1706889712354 11.060194969177246 0
1706889712436 10.711731910705566 0
1706889712513 10.7776460647583 0
1706889712590 10.723204612731934 0
1706889712668 10.784446716308594 0
1706889712749 10.931108474731445 0
1706889712828 10.668460845947266 0
1706889712907 10.90079402923584 0
1706889712989 10.685322761535645 0
1706889713070 10.796225547790527 0
1706889713146 10.773948669433594 0
1706889713226 10.796221733093262 0
1706889713312 10.736371994018555 0
1706889713387 10.804348945617676 0
1706889713458 10.743537902832031 0
1706889713533 10.861048698425293 0
1706889713605 10.885013580322266 0
1706889713683 10.723501205444336 0
1706889713758 10.788919448852539 0
1706889713833 10.808368682861328 0
1706889713907 10.77951717376709 0
1706889713984 10.647306442260742 0
1706889714055 10.823209762573242 0
1706889714133 10.687127113342285 0
1706889714207 10.807043075561523 0
1706889714283 10.752616882324219 0
1706889714355 10.811803817749023 0
1706889714437 10.8413724899292 0
1706889714515 10.755481719970703 0
1706889714594 10.787575721740723 0
1706889714671 10.800251960754395 0
1706889714749 10.863554000854492 0
1706889714822 10.683051109313965 0
1706889714902 10.76588249206543 0
1706889714974 10.864206314086914 0
1706889715054 10.896982192993164 0
1706889715128 10.881443977355957 0
1706889715206 10.749795913696289 0
1706889715281 10.749678611755371 0
1706889715362 10.86751937866211 0
1706889715441 10.856023788452148 0
1706889715528 10.758099555969238 0
1706889715612 10.735215187072754 0
1706889715684 10.789103507995605 0
1706889715755 10.817214012145996 0
1706889715833 10.775611877441406 0
1706889715910 10.740215301513672 0
1706889715984 10.857206344604492 0
1706889716059 10.847736358642578 0
1706889716133 10.85637378692627 0
1706889716206 10.584903717041016 0
1706889716280 10.75804328918457 0
1706889716351 10.709418296813965 0
1706889716422 10.710528373718262 0
1706889716492 10.883750915527344 0
1706889716564 10.838091850280762 0
1706889716637 10.922738075256348 0
1706889716719 10.758100509643555 0
1706889716798 10.958027839660645 0
1706889716874 10.858282089233398 0
1706889716951 10.73137378692627 0
1706889717025 10.819339752197266 0
1706889717103 10.825145721435547 0
1706889717182 10.821667671203613 0
1706889717257 10.84716796875 0
1706889717338 10.587579727172852 0
1706889717411 10.740339279174805 0
1706889717489 10.8031644821167 0
1706889717563 10.85190486907959 0
1706889717641 10.821783065795898 0
1706889717712 10.712099075317383 0
1706889717788 10.686666488647461 0
1706889717879 10.817100524902344 0
1706889717956 10.94601821899414 0
1706889718030 10.731846809387207 0
1706889718104 10.559005737304688 0
1706889718176 10.736714363098145 0
1706889718250 10.70193862915039 0
1706889718320 10.77767562866211 0
1706889718392 10.958507537841797 0
1706889718462 10.93137264251709 0
1706889718523 10.809184074401855 0
1706889718636 10.866456031799316 0
1706889718710 10.90942668914795 0
1706889718785 10.81208324432373 0
1706889718855 10.956541061401367 0
1706889718929 10.848787307739258 0
1706889719021 10.739192962646484 0
1706889719102 10.657915115356445 0
1706889719177 10.740363121032715 0
1706889719258 10.960041046142578 0
1706889719337 10.811935424804688 0
1706889719419 10.797699928283691 0
1706889719499 10.727909088134766 0
1706889719580 10.710949897766113 0
1706889719654 10.788816452026367 0
1706889719726 10.72950553894043 0
1706889719798 10.725882530212402 0
1706889719874 10.79446029663086 0
1706889719949 10.81444263458252 0
1706889720072 10.822998046875 0
1706889720149 10.773280143737793 0
1706889720238 10.886367797851562 0
1706889720314 10.923117637634277 0
1706889720398 10.7088041305542 0
1706889720471 10.73234748840332 0
1706889720543 10.803995132446289 0
1706889720613 10.670075416564941 0
1706889720690 10.851475715637207 0
1706889720765 10.850090980529785 0
1706889720847 10.671785354614258 0
1706889720923 10.725119590759277 0
1706889721009 10.880634307861328 0
1706889721088 10.757803916931152 0
1706889721168 10.716724395751953 0
1706889721244 10.909405708312988 0
1706889721319 10.888471603393555 0
1706889721397 10.9369535446167 0
1706889721472 10.755950927734375 0
1706889721542 10.777861595153809 0
1706889721615 10.736860275268555 0
1706889721686 10.927078247070312 0
1706889721761 10.709349632263184 0
1706889721835 10.787458419799805 0
1706889721909 10.766990661621094 0
1706889721980 10.657761573791504 0
1706889722055 10.802387237548828 0
1706889722131 10.82348918914795 0
1706889722209 10.804486274719238 0
1706889722281 10.902291297912598 0
1706889722356 10.814292907714844 0
1706889722430 10.733187675476074 0
1706889722511 10.700217247009277 0
1706889722584 10.797932624816895 0
1706889722666 10.934908866882324 0
1706889722741 10.727209091186523 0
1706889722815 10.836578369140625 0
1706889722895 10.865931510925293 0
1706889722978 10.827397346496582 0
1706889723059 10.731629371643066 0
1706889723159 10.733844757080078 0
1706889723248 10.802064895629883 0
1706889723333 10.73021411895752 0
1706889723420 10.838953971862793 0
1706889723500 10.808866500854492 0
1706889723593 10.888579368591309 0
1706889723676 10.751494407653809 0
1706889723751 10.714588165283203 0
1706889723825 10.697912216186523 0
1706889723898 10.953173637390137 0
1706889723995 10.806550979614258 0
1706889724072 10.698466300964355 0
1706889724152 10.814715385437012 0
1706889724228 10.774333953857422 0
1706889724307 10.837172508239746 0
1706889724377 10.82639217376709 0
1706889724453 10.876274108886719 0
1706889724528 10.79213809967041 0
1706889724610 10.851202011108398 0
1706889724690 10.811153411865234 0
1706889724777 11.039083480834961 0
1706889724858 10.966119766235352 0
1706889724941 10.907376289367676 0
1706889725018 10.840864181518555 0
1706889725102 10.804888725280762 0
1706889725180 10.963767051696777 0
1706889725265 10.839677810668945 0
1706889725344 10.769842147827148 0
1706889725428 10.80312442779541 0
1706889725510 10.7706298828125 0
1706889725590 10.801997184753418 0
1706889725680 10.921062469482422 0
1706889725763 10.716740608215332 0
1706889725841 10.801547050476074 0
1706889725928 10.780561447143555 0
1706889726021 10.774779319763184 0
1706889726107 10.868534088134766 0
1706889726190 10.824731826782227 0
1706889726275 10.749801635742188 0
1706889726356 10.72634220123291 0
1706889726434 10.807147026062012 0
1706889726509 10.7014799118042 0
1706889726585 10.593496322631836 0
1706889726659 10.805672645568848 0
1706889726734 10.838948249816895 0
1706889726810 10.78144645690918 0
1706889726889 10.92832088470459 0
1706889726963 10.922435760498047 0
1706889727084 10.818836212158203 0
1706889727158 10.714051246643066 0
1706889727232 10.895052909851074 0
1706889727302 10.752640724182129 0
1706889727376 10.851212501525879 0
1706889727445 10.694184303283691 0
1706889727518 10.797017097473145 0
1706889727586 10.720505714416504 0
1706889727658 10.743566513061523 0
1706889727730 10.743306159973145 0
1706889727803 10.869854927062988 0
1706889727877 10.892592430114746 0
1706889727954 10.609478950500488 0
1706889728027 10.7335844039917 0
1706889728099 10.707389831542969 0
1706889728172 10.884166717529297 0
1706889728251 10.764888763427734 0
1706889728321 10.720008850097656 0
1706889728394 10.644624710083008 0
1706889728466 10.829277038574219 0
1706889728541 10.871426582336426 0
1706889728611 10.764789581298828 0
1706889728686 10.75582504272461 0
1706889728758 10.814593315124512 0
1706889728831 10.876862525939941 0
1706889728906 10.696887016296387 0
1706889728978 10.851397514343262 0
1706889729047 10.87132453918457 0
1706889729119 10.755472183227539 0
1706889729191 10.831897735595703 0
1706889729267 10.788250923156738 0
1706889729344 10.8688383102417 0
1706889729419 10.773910522460938 0
1706889729491 10.901732444763184 0
1706889729564 10.794276237487793 0
1706889729635 10.9012451171875 0
1706889729709 10.693855285644531 0
1706889729786 10.765068054199219 0
1706889729865 10.730381965637207 0
1706889729946 10.786283493041992 0
1706889730028 10.72680377960205 0
1706889730102 10.778849601745605 0
1706889730176 10.813338279724121 0
1706889730250 10.66236400604248 0
1706889730326 10.834844589233398 0
1706889730406 10.877532958984375 0
1706889730496 10.79689884185791 0
1706889730573 10.734770774841309 0
1706889730644 10.93433952331543 0
1706889730719 10.876603126525879 0
1706889730801 10.810340881347656 0
1706889730880 10.721284866333008 0
1706889730961 10.857090950012207 0
1706889731038 10.764627456665039 0
1706889731123 10.7786865234375 0
1706889731212 10.73751449584961 0
1706889731296 10.984392166137695 0
1706889731381 10.807595252990723 0
1706889731466 10.82593822479248 0
1706889731551 10.850433349609375 0
1706889731641 10.68663501739502 0
1706889731720 10.779911994934082 0
1706889731802 10.757380485534668 0
1706889731884 10.674595832824707 0
1706889731970 10.778768539428711 0
1706889732051 10.759836196899414 0
1706889732135 10.79708194732666 0
1706889732218 10.679281234741211 0
1706889732297 10.788037300109863 0
1706889732369 10.729155540466309 0
1706889732446 10.760287284851074 0
1706889732521 10.87971305847168 0
1706889732598 10.881940841674805 0
1706889732677 10.879716873168945 0
1706889732760 10.779104232788086 0
1706889732839 10.642873764038086 0
1706889732925 10.725188255310059 0
1706889733002 10.757988929748535 0
1706889733081 10.70724105834961 0
1706889733161 10.829819679260254 0
1706889733239 10.731672286987305 0
1706889733316 10.857037544250488 0
1706889733396 10.79417610168457 0
1706889733476 10.719040870666504 0
1706889733557 10.702878952026367 0
1706889733636 10.822178840637207 0
1706889733721 10.819303512573242 0
1706889733802 10.872882843017578 0
1706889733883 10.731880187988281 0
1706889733967 10.974821090698242 0
1706889734053 10.747142791748047 0
1706889734132 10.699828147888184 0
1706889734207 10.752348899841309 0
1706889734284 10.837158203125 0
1706889734358 10.969602584838867 0
1706889734429 10.790704727172852 0
1706889734503 10.788416862487793 0
1706889734578 10.762983322143555 0
1706889734653 10.770523071289062 0
1706889734727 10.766282081604004 0
1706889734809 10.773113250732422 0
1706889734887 10.749604225158691 0
1706889734965 10.737524032592773 0
1706889735043 10.673361778259277 0
1706889735143 10.737847328186035 0
1706889735253 10.719512939453125 0
1706889735331 10.640604972839355 0
1706889735408 10.859369277954102 0
1706889735490 10.703347206115723 0
1706889735570 10.557669639587402 0
1706889735653 10.770870208740234 0
1706889735731 10.716554641723633 0
1706889735808 10.83990478515625 0
1706889735880 10.79072380065918 0
1706889735957 10.755349159240723 0
1706889736030 10.828851699829102 0
1706889736105 10.830836296081543 0
1706889736183 10.80825424194336 0
1706889736266 10.753538131713867 0
1706889736345 10.798385620117188 0
1706889736437 10.836334228515625 0
1706889736510 10.79097843170166 0
1706889736583 10.861089706420898 0
1706889736654 10.7384672164917 0
1706889736729 10.896507263183594 0
1706889736802 10.714299201965332 0
1706889736883 10.847923278808594 0
1706889736956 10.659612655639648 0
1706889737027 10.935294151306152 0
1706889737102 10.805560111999512 0
1706889737174 10.74336051940918 0
1706889737246 10.848954200744629 0
1706889737323 10.90527629852295 0
1706889737402 10.705734252929688 0
1706889737482 10.757866859436035 0
1706889737561 10.746185302734375 0
1706889737639 10.864863395690918 0
1706889737715 10.742629051208496 0
1706889737792 10.84570598602295 0
1706889737861 10.965629577636719 0
1706889737933 10.743629455566406 0
1706889738002 10.75206470489502 0
1706889738075 10.819401741027832 0
1706889738148 10.884696006774902 0
1706889738227 10.790994644165039 0
1706889738309 10.925968170166016 0
1706889738391 10.751372337341309 0
1706889738468 10.733541488647461 0
1706889738544 10.726414680480957 0
1706889738613 10.815142631530762 0
1706889738686 10.827825546264648 0
1706889738762 10.80893325805664 0
1706889738839 10.851980209350586 0
1706889738912 10.840620040893555 0
1706889738992 10.889054298400879 0
1706889739069 10.769439697265625 0
1706889739148 10.770698547363281 0
1706889739225 10.702802658081055 0
1706889739307 10.773150444030762 0
1706889739385 10.721336364746094 0
1706889739466 10.9122896194458 0
1706889739550 10.684840202331543 0
1706889739628 10.782898902893066 0
1706889739707 10.67854118347168 0
1706889739790 10.88391399383545 0
1706889739866 10.80716609954834 0
1706889739942 10.741560935974121 0
1706889740012 10.79712963104248 0
1706889740086 10.8121337890625 0
1706889740155 10.852970123291016 0
1706889740226 10.749054908752441 0
1706889740298 10.847904205322266 0
1706889740370 10.819437980651855 0
1706889740439 10.905816078186035 0
1706889740511 10.657344818115234 0
1706889740583 10.627338409423828 0
1706889740668 10.777140617370605 0
1706889740750 10.856339454650879 0
1706889740830 10.887803077697754 0
1706889740907 10.792145729064941 0
1706889740986 10.95934009552002 0
1706889741067 10.818735122680664 0
1706889741145 10.821444511413574 0
1706889741224 10.816742897033691 0
1706889741302 10.913355827331543 0
1706889741377 10.752950668334961 0
1706889741450 10.700864791870117 0
1706889741519 10.719015121459961 0
1706889741589 10.8441162109375 0
1706889741657 10.738581657409668 0
1706889741730 10.679537773132324 0
1706889741805 10.792007446289062 0
1706889741879 10.831488609313965 0
1706889741948 10.709643363952637 0
1706889742021 10.811911582946777 0
1706889742090 10.759819030761719 0
1706889742166 10.906708717346191 0
1706889742255 10.836369514465332 0
1706889742347 10.8646821975708 0
1706889742422 10.866777420043945 0
1706889742500 10.77894401550293 0
1706889742571 10.76331615447998 0
1706889742645 10.8569974899292 0
1706889742717 10.836307525634766 0
1706889742794 10.76478385925293 0
1706889742866 10.767306327819824 0
1706889742942 10.880916595458984 0
1706889743013 10.846573829650879 0
1706889743084 10.74105453491211 0
1706889743183 10.773751258850098 0
1706889743279 10.786981582641602 0
1706889743357 10.623509407043457 0
1706889743437 10.794121742248535 0
1706889743511 10.91935920715332 0
1706889743589 10.841541290283203 0
1706889743664 10.721126556396484 0
1706889743759 10.757884979248047 0
1706889743867 10.79887866973877 0
1706889743953 10.945324897766113 0
1706889744035 10.76646614074707 0
1706889744116 10.831785202026367 0
1706889744189 10.825572967529297 0
1706889744268 10.773488998413086 0
1706889744358 10.73716926574707 0
1706889744439 10.659626960754395 0
1706889744514 10.685734748840332 0
1706889744591 10.839975357055664 0
1706889744664 10.781986236572266 0
1706889744747 10.818840026855469 0
1706889744817 10.758347511291504 0
1706889744889 10.880941390991211 0
1706889744960 10.760998725891113 0
1706889745034 10.789680480957031 0
1706889745114 10.738903045654297 0
1706889745188 10.795748710632324 0
1706889745260 10.838163375854492 0
1706889745342 10.860422134399414 0
1706889745415 10.807324409484863 0
1706889745488 10.801070213317871 0
1706889745562 10.794147491455078 0
1706889745639 10.788688659667969 0
1706889745714 10.84193229675293 0
1706889745789 10.735910415649414 0
1706889745864 10.745192527770996 0
1706889745941 10.781717300415039 0
1706889746015 10.722099304199219 0
1706889746089 10.760062217712402 0
1706889746163 10.78720760345459 0
1706889746247 10.794243812561035 0
1706889746319 10.751287460327148 0
1706889746390 10.738919258117676 0
1706889746459 10.674241065979004 0
1706889746533 10.733201026916504 0
1706889746605 10.7682466506958 0
1706889746681 10.733590126037598 0
1706889746771 10.840263366699219 0
1706889746852 10.749236106872559 0
1706889746922 10.734366416931152 0
1706889747024 10.755916595458984 0
1706889747095 10.809207916259766 0
1706889747165 10.806201934814453 0
1706889747237 10.647732734680176 0
1706889747314 10.905924797058105 0
1706889747386 10.795525550842285 0
1706889747456 10.743087768554688 0
1706889747525 10.867650985717773 0
1706889747595 10.921842575073242 0
1706889747663 10.861854553222656 0
1706889747733 10.665604591369629 0
1706889747800 10.855599403381348 0
1706889747872 10.618963241577148 0
1706889747941 10.780712127685547 0
1706889748013 10.76707649230957 0
1706889748081 10.667451858520508 0
1706889748152 10.707292556762695 0
1706889748224 10.875224113464355 0
1706889748294 10.676316261291504 0
1706889748363 10.818989753723145 0
1706889748441 10.8128662109375 0
1706889748513 10.727775573730469 0
1706889748583 10.801486015319824 0
1706889748654 10.825440406799316 0
1706889748725 10.72630786895752 0
1706889748794 10.8681001663208 0
1706889748868 10.746428489685059 0
1706889748939 10.909333229064941 0
1706889749010 10.679099082946777 0
1706889749081 10.86830997467041 0
1706889749151 10.693942070007324 0
1706889749220 10.94529914855957 0
1706889749291 10.74161434173584 0
1706889749361 10.785157203674316 0
1706889749436 10.851913452148438 0
1706889749509 10.740018844604492 0
1706889749587 10.817461013793945 0
1706889749656 10.787577629089355 0
1706889749726 10.829108238220215 0
1706889749793 10.75079345703125 0
1706889749865 10.70556926727295 0
1706889749932 10.75904655456543 0
1706889750005 10.848943710327148 0
1706889750072 10.84470272064209 0
1706889750145 10.791980743408203 0
1706889750214 10.886162757873535 0
1706889750287 10.738682746887207 0
1706889750355 10.737322807312012 0
1706889750427 10.709396362304688 0
1706889750497 10.694632530212402 0
1706889750568 10.76942253112793 0
1706889750646 10.831300735473633 0
1706889750719 10.835835456848145 0
1706889750788 10.79895305633545 0
1706889750858 10.640807151794434 0
1706889750928 10.881943702697754 0
1706889751003 10.745327949523926 0
1706889751070 10.804275512695312 0
1706889751142 10.696846008300781 0
1706889751211 10.975244522094727 0
1706889751285 10.798592567443848 0
1706889751357 10.896839141845703 0
1706889751431 10.741936683654785 0
1706889751501 10.729207038879395 0
1706889751570 10.835153579711914 0
1706889751642 10.692136764526367 0
1706889751715 10.730259895324707 0
1706889751789 11.035253524780273 0
1706889751862 10.712635040283203 0
1706889751934 10.797505378723145 0
1706889752009 10.861218452453613 0
1706889752078 10.667526245117188 0
1706889752148 10.713460922241211 0
1706889752217 10.744799613952637 0
1706889752289 10.805455207824707 0
1706889752359 10.809301376342773 0
1706889752430 10.737438201904297 0
1706889752500 10.809895515441895 0
1706889752575 10.761536598205566 0
1706889752649 10.857171058654785 0
1706889752777 10.742132186889648 0
1706889752857 10.507100105285645 0
1706889752930 10.765178680419922 0
1706889753000 10.701496124267578 0
1706889753072 10.852828025817871 0
1706889753141 10.632444381713867 0
1706889753213 10.866175651550293 0
1706889753284 10.768089294433594 0
1706889753361 10.850549697875977 0
1706889753429 10.871086120605469 0
1706889753499 10.876436233520508 0
1706889753569 10.843265533447266 0
1706889753641 10.856019973754883 0
1706889753711 10.794934272766113 0
1706889753785 10.839263916015625 0
1706889753853 10.727285385131836 0
1706889753929 10.822524070739746 0
1706889754000 10.749835014343262 0
1706889754075 10.721174240112305 0
1706889754149 10.75516128540039 0
1706889754220 10.773825645446777 0
1706889754290 10.818368911743164 0
1706889754360 10.879788398742676 0
1706889754432 10.77265739440918 0
1706889754504 10.809586524963379 0
1706889754570 10.911545753479004 0
1706889754645 10.714865684509277 0
1706889754713 10.682886123657227 0
1706889754784 10.780967712402344 0
1706889754852 10.694103240966797 0
1706889754921 10.785183906555176 0
1706889754988 10.607885360717773 0
1706889755068 10.847512245178223 0
1706889755138 10.694537162780762 0
1706889755210 10.89543628692627 0
1706889755279 10.752623558044434 0
1706889755352 10.763694763183594 0
1706889755421 10.892670631408691 0
1706889755491 10.816697120666504 0
1706889755562 10.728941917419434 0
1706889755631 10.675098419189453 0
1706889755699 10.836950302124023 0
1706889755772 10.763375282287598 0
1706889755839 10.875760078430176 0
1706889755911 10.827510833740234 0
1706889755980 10.81700611114502 0
1706889756050 10.791041374206543 0
1706889756121 10.732087135314941 0
1706889756197 10.906476974487305 0
1706889756266 10.744301795959473 0
1706889756337 10.823397636413574 0
1706889756407 10.7759370803833 0
1706889756479 10.741453170776367 0
1706889756550 10.805253982543945 0
1706889756620 10.82015609741211 0
1706889756687 10.700407981872559 0
1706889756759 10.716081619262695 0
1706889756832 10.68554401397705 0
1706889756905 10.789326667785645 0
1706889756977 10.706865310668945 0
1706889757052 10.787281036376953 0
1706889757127 10.728548049926758 0
1706889757205 10.737242698669434 0
1706889757295 10.755635261535645 0
1706889757368 10.870759010314941 0
1706889757438 10.816692352294922 0
1706889757510 10.696521759033203 0
1706889757582 10.657065391540527 0
1706889757653 10.777350425720215 0
1706889757723 10.82700252532959 0
1706889757795 10.857879638671875 0
1706889757864 10.896203994750977 0
1706889757934 10.860414505004883 0
1706889758001 10.764510154724121 0
1706889758075 10.940308570861816 0
1706889758143 10.81025505065918 0
1706889758213 10.805908203125 0
1706889758281 10.684554100036621 0
1706889758362 10.668842315673828 0
1706889758438 10.873711585998535 0
1706889758507 10.868722915649414 0
1706889758575 10.820686340332031 0
1706889758648 10.705706596374512 0
1706889758719 10.75309944152832 0
1706889758792 10.812064170837402 0
1706889758859 10.723654747009277 0
1706889758933 10.929849624633789 0
1706889759002 10.75085163116455 0
1706889759072 10.852683067321777 0
1706889759142 10.786545753479004 0
1706889759211 10.786136627197266 0
1706889759282 10.723260879516602 0
1706889759357 10.867441177368164 0
1706889759425 10.75374984741211 0
1706889759497 10.780777931213379 0
1706889759572 10.878756523132324 0
1706889759643 10.80401611328125 0
1706889759713 10.591775894165039 0
1706889759783 10.726029396057129 0
1706889759853 10.708569526672363 0
1706889759922 10.82607364654541 0
1706889759992 10.747284889221191 0
1706889760063 10.626107215881348 0
1706889760131 10.88430404663086 0
1706889760203 10.897758483886719 0
1706889760271 10.676596641540527 0
1706889760343 10.840788841247559 0
1706889760413 10.819364547729492 0
1706889760505 10.856614112854004 0
1706889760577 10.774806022644043 0
1706889760655 10.797016143798828 0
1706889760728 10.791328430175781 0
1706889760802 10.934128761291504 0
1706889760871 10.723793983459473 0
1706889760948 10.730900764465332 0
1706889761020 10.669716835021973 0
1706889761094 10.641817092895508 0
1706889761161 10.851665496826172 0
1706889761232 10.795575141906738 0
1706889761328 10.61421012878418 0
1706889761404 10.81716537475586 0
1706889761482 10.805742263793945 0
1706889761556 10.65048599243164 0
1706889761627 10.709603309631348 0
1706889761700 10.767062187194824 0
1706889761773 10.619956970214844 0
1706889761849 10.78607177734375 0
1706889761917 10.715420722961426 0
1706889761986 10.728683471679688 0
1706889762055 10.832205772399902 0
1706889762125 10.795805931091309 0
1706889762193 10.810250282287598 0
1706889762314 10.706374168395996 0
1706889762383 10.73117733001709 0
1706889762453 10.787817001342773 0
1706889762521 10.762450218200684 0
1706889762590 10.906286239624023 0
1706889762657 10.724539756774902 0
1706889762727 10.740578651428223 0
1706889762794 10.69151496887207 0
1706889762870 10.91961669921875 0
1706889762938 10.757099151611328 0
1706889763083 10.734281539916992 0
1706889763151 10.866364479064941 0
1706889763221 10.907393455505371 0
1706889763289 10.762099266052246 0
1706889763364 10.702923774719238 0
1706889763435 10.764009475708008 0
1706889763504 10.701940536499023 0
1706889763572 10.824833869934082 0
1706889763641 10.8724365234375 0
1706889763709 10.835769653320312 0
1706889763781 10.72903060913086 0
1706889763851 10.807953834533691 0
1706889763922 10.702892303466797 0
1706889763996 10.916362762451172 0
1706889764065 10.739174842834473 0
1706889764135 10.786630630493164 0
1706889764209 10.799904823303223 0
1706889764278 10.74931812286377 0
1706889764350 10.800418853759766 0
1706889764423 10.808575630187988 0
1706889764495 10.775734901428223 0
1706889764564 10.8073091506958 0
1706889764636 10.828983306884766 0
1706889764704 10.716796875 0
1706889764778 10.718280792236328 0
1706889764846 10.823486328125 0
1706889764918 10.821115493774414 0
1706889764986 10.810118675231934 0
1706889765064 10.78776741027832 0
1706889765134 10.69820499420166 0
1706889765206 10.697694778442383 0
1706889765277 10.699420928955078 0
1706889765347 10.717455863952637 0
1706889765415 10.81319808959961 0
1706889765485 10.808248519897461 0
1706889765553 10.82421588897705 0
1706889765621 10.804747581481934 0
1706889765694 10.83531665802002 0
1706889765765 10.817739486694336 0
1706889765835 10.850351333618164 0
1706889765907 10.814952850341797 0
1706889765976 10.742216110229492 0
1706889766047 10.690383911132812 0
1706889766118 10.66252326965332 0
1706889766190 10.728106498718262 0
1706889766266 10.790044784545898 0
1706889766341 10.9014253616333 0
1706889766410 10.683771133422852 0
1706889766482 10.701029777526855 0
1706889766552 10.805033683776855 0
1706889766623 10.633743286132812 0
1706889766692 10.751916885375977 0
1706889766763 10.838186264038086 0
1706889766831 10.84347915649414 0
1706889766905 10.773468971252441 0
1706889766974 10.862428665161133 0
1706889767047 10.831862449645996 0
1706889767121 10.778331756591797 0
1706889767194 10.712043762207031 0
1706889767276 10.803812980651855 0
1706889767356 10.832237243652344 0
1706889767426 10.716362953186035 0
1706889767496 10.669609069824219 0
1706889767564 10.858847618103027 0
1706889767635 10.920280456542969 0
1706889767707 10.817276000976562 0
1706889767776 10.771773338317871 0
1706889767847 10.70044994354248 0
1706889767917 10.696955680847168 0
1706889767984 10.844635009765625 0
1706889768063 10.684989929199219 0
1706889768136 10.889461517333984 0
1706889768206 10.80807113647461 0
1706889768276 10.741941452026367 0
1706889768348 10.832398414611816 0
1706889768426 10.840741157531738 0
1706889768503 10.74637222290039 0
1706889768571 10.681314468383789 0
1706889768642 10.747638702392578 0
1706889768710 10.770628929138184 0
1706889768780 10.807071685791016 0
1706889768853 10.827561378479004 0
1706889768925 10.648125648498535 0
1706889768991 10.820296287536621 0
1706889769060 10.821227073669434 0
1706889769128 10.702406883239746 0
1706889769199 10.888205528259277 0
1706889769270 10.650248527526855 0
1706889769340 10.78127384185791 0
1706889769412 10.834023475646973 0
1706889769487 10.777215003967285 0
1706889769556 10.757777214050293 0
1706889769636 10.66649055480957 0
1706889769721 10.681488990783691 0
1706889769792 10.751148223876953 0
1706889769863 10.79924201965332 0
1706889769936 10.905987739562988 0
1706889770007 10.779797554016113 0
1706889770076 10.817689895629883 0
1706889770144 10.8192777633667 0
1706889770216 10.931031227111816 0
1706889770286 10.720907211303711 0
1706889770358 10.825654029846191 0
1706889770432 10.80773639678955 0
1706889770502 10.852726936340332 0
1706889770570 10.796696662902832 0
1706889770642 10.83078670501709 0
1706889770714 10.716333389282227 0
1706889770787 10.885358810424805 0
1706889770853 10.869280815124512 0
1706889770922 10.757505416870117 0
1706889770990 10.692235946655273 0
1706889771063 10.71804428100586 0
1706889771136 10.57372760772705 0
1706889771205 10.753097534179688 0
1706889771276 10.838665962219238 0
1706889771346 10.70519733428955 0
1706889771413 10.868612289428711 0
1706889771489 10.829724311828613 0
1706889771556 10.667263984680176 0
1706889771626 10.870306968688965 0
1706889771692 10.678091049194336 0
1706889771765 10.690303802490234 0
1706889771838 10.783059120178223 0
1706889771910 10.754992485046387 0
1706889771981 10.757938385009766 0
1706889772049 10.8240966796875 0
1706889772119 10.686336517333984 0
1706889772189 10.681191444396973 0
1706889772255 10.73876667022705 0
1706889772327 10.76978588104248 0
1706889772394 10.830341339111328 0
1706889772465 10.658949851989746 0
1706889772537 10.79819107055664 0
1706889772649 10.671257972717285 0
1706889772716 10.687638282775879 0
1706889772786 10.60858154296875 0
1706889772854 10.88776683807373 0
1706889772933 10.75069522857666 0
1706889773042 10.838743209838867 0
1706889773225 10.785951614379883 0
1706889773297 10.706043243408203 0
1706889773368 10.69762897491455 0
1706889773439 10.928211212158203 0
1706889773511 10.88315486907959 0
1706889773580 10.8438081741333 0
1706889773652 10.836603164672852 0
1706889773719 10.839055061340332 0
1706889773792 10.815385818481445 0
1706889773860 10.852805137634277 0
1706889773930 10.650230407714844 0
1706889773998 10.782746315002441 0
1706889774073 10.754076957702637 0
1706889774140 10.787834167480469 0
1706889774213 10.681586265563965 0
1706889774283 10.793447494506836 0
1706889774361 10.78616714477539 0
1706889774429 10.79754638671875 0
1706889774500 10.673030853271484 0
1706889774568 10.791380882263184 0
1706889774637 10.75413990020752 0
1706889774707 10.762290000915527 0
1706889774778 10.806563377380371 0
1706889774845 10.782445907592773 0
1706889774917 10.765612602233887 0
1706889774985 10.687089920043945 0
1706889775056 10.692413330078125 0
1706889775128 10.874032020568848 0
1706889775202 10.820396423339844 0
1706889775274 10.818863868713379 0
1706889775344 10.66461181640625 0
1706889775412 10.773310661315918 0
1706889775487 10.736173629760742 0
1706889775556 10.745392799377441 0
1706889775625 10.714704513549805 0
1706889775691 10.806546211242676 0
1706889775762 10.748944282531738 0
1706889775836 10.789209365844727 0
1706889775919 10.760475158691406 0
1706889775997 10.747465133666992 0
1706889776072 10.873486518859863 0
1706889776148 10.766304969787598 0
1706889776228 10.699944496154785 0
1706889776315 10.757718086242676 0
1706889776403 10.686234474182129 0
1706889776478 10.747749328613281 0
1706889776572 10.838286399841309 0
1706889776649 10.759795188903809 0
1706889776725 10.861090660095215 0
1706889776801 10.884485244750977 0
1706889776878 10.700957298278809 0
1706889776954 10.898353576660156 0
1706889777059 10.759808540344238 0
1706889777141 10.748237609863281 0
1706889777214 10.695090293884277 0
1706889777281 10.687387466430664 0
1706889777353 10.899712562561035 0
1706889777442 10.926878929138184 0
1706889777529 10.817671775817871 0
1706889777602 10.746074676513672 0
1706889777676 10.77367877960205 0
1706889777751 10.762391090393066 0
1706889777824 10.857608795166016 0
1706889777895 10.761563301086426 0
1706889778010 10.776549339294434 0
1706889778081 10.938785552978516 0
1706889778155 10.758820533752441 0
1706889778231 10.687670707702637 0
1706889778307 10.674956321716309 0
1706889778384 10.827795028686523 0
1706889778465 10.748425483703613 0
1706889778544 10.731464385986328 0
1706889778629 10.788538932800293 0
1706889778704 10.760627746582031 0
1706889778778 10.634424209594727 0
1706889778850 10.801651954650879 0
1706889778928 10.80316162109375 0
1706889779000 10.760276794433594 0
1706889779072 10.685100555419922 0
1706889779142 10.838030815124512 0
1706889779213 10.831633567810059 0
1706889779286 10.70431137084961 0
1706889779363 10.705357551574707 0
1706889779430 10.824331283569336 0
1706889779502 10.703105926513672 0
1706889779570 10.745373725891113 0
1706889779655 10.776154518127441 0
1706889779731 10.868144035339355 0
1706889779812 10.792701721191406 0
1706889779882 10.717164993286133 0
1706889779958 10.72631549835205 0
1706889780019 10.795876502990723 0
1706889780143 10.860311508178711 0
1706889780234 10.7622709274292 0
1706889780310 10.797961235046387 0
1706889780391 10.7366304397583 0
1706889780479 10.754608154296875 0
1706889780552 10.709630012512207 0
1706889780627 10.977197647094727 0
1706889780699 10.801974296569824 0
1706889780773 10.607961654663086 0
1706889780847 10.683453559875488 0
1706889780930 10.740809440612793 0
1706889781016 10.78540325164795 0
1706889781096 10.769628524780273 0
1706889781178 10.866860389709473 0
1706889781270 10.738525390625 0
1706889781354 10.908584594726562 0
1706889781452 10.782024383544922 0
1706889781555 10.815997123718262 0
1706889781656 10.729552268981934 0
1706889781730 10.75255012512207 0
1706889781804 10.662931442260742 0
1706889781877 10.704218864440918 0
1706889781958 10.725922584533691 0
1706889782036 10.68904972076416 0
1706889782133 10.692816734313965 0
1706889782216 10.700904846191406 0
1706889782294 10.746441841125488 0
1706889782369 10.713570594787598 0
1706889782448 10.774438858032227 0
1706889782520 10.816998481750488 0
1706889782596 10.818098068237305 0
1706889782679 10.747041702270508 0
1706889782791 10.822580337524414 0
1706889782863 10.765925407409668 0
1706889782933 10.77111530303955 0
1706889783000 10.847390174865723 0
1706889783075 10.693598747253418 0
1706889783145 10.744376182556152 0
1706889783216 10.803247451782227 0
1706889783282 10.806215286254883 0
1706889783353 10.833949089050293 0
1706889783426 10.806669235229492 0
1706889783534 10.681693077087402 0
1706889783609 10.75385856628418 0
1706889783694 10.704572677612305 0
1706889783769 10.910721778869629 0
1706889783845 10.6879243850708 0
1706889783925 10.757801055908203 0
1706889784010 10.726194381713867 0
1706889784095 10.924938201904297 0
1706889784184 10.851960182189941 0
1706889784273 10.74433708190918 0
1706889784360 10.869948387145996 0
1706889784434 10.681900024414062 0
1706889784518 10.694647789001465 0
1706889784591 10.75517463684082 0
1706889784665 10.712286949157715 0
1706889784737 10.866331100463867 0
1706889784808 10.81033992767334 0
1706889784877 10.675124168395996 0
1706889784949 10.787068367004395 0
1706889785018 10.799717903137207 0
1706889785091 10.756185531616211 0
1706889785159 10.860633850097656 0
1706889785233 10.771069526672363 0
1706889785302 10.80948257446289 0
1706889785380 10.847721099853516 0
1706889785452 10.851778030395508 0
1706889785526 10.738585472106934 0
1706889785602 10.644445419311523 0
1706889785674 10.739160537719727 0
1706889785744 10.798375129699707 0
1706889785816 10.690651893615723 0
1706889785890 10.669639587402344 0
1706889785962 10.761929512023926 0
1706889786112 10.853957176208496 0
1706889786184 10.703546524047852 0
1706889786253 10.813726425170898 0
1706889786325 10.914701461791992 0
1706889786394 10.886176109313965 0
1706889786470 10.906851768493652 0
1706889786543 10.918009757995605 0
1706889786618 10.808625221252441 0
1706889786687 10.816790580749512 0
1706889786761 10.648810386657715 0
1706889786832 10.649618148803711 0
1706889786904 10.828644752502441 0
1706889786979 10.84421157836914 0
1706889787047 10.673123359680176 0
1706889787116 10.613698959350586 0
1706889787189 10.669693946838379 0
1706889787257 10.746542930603027 0
1706889787331 10.773686408996582 0
1706889787403 10.798052787780762 0
1706889787478 10.740715980529785 0
1706889787551 10.721349716186523 0
1706889787631 10.65921401977539 0
1706889787701 10.711137771606445 0
1706889787775 10.780167579650879 0
1706889787860 10.73582935333252 0
1706889787938 10.734771728515625 0
1706889788006 10.751570701599121 0
1706889788079 10.7366304397583 0
1706889788147 10.75040054321289 0
1706889788218 10.735340118408203 0
1706889788286 10.691699981689453 0
1706889788362 10.701772689819336 0
1706889788431 10.755372047424316 0
1706889788501 10.80521297454834 0
1706889788572 10.78887939453125 0
1706889788643 10.781723976135254 0
1706889788719 10.823286056518555 0
1706889788793 10.683273315429688 0
1706889788860 10.77896785736084 0
1706889788932 10.751178741455078 0
1706889789000 10.887920379638672 0
1706889789074 10.835079193115234 0
1706889789143 10.65117073059082 0
1706889789213 10.764181137084961 0
1706889789279 10.711179733276367 0
1706889789347 10.900104522705078 0
1706889789416 10.884288787841797 0
1706889789488 10.756575584411621 0
1706889789556 10.693340301513672 0
1706889789627 10.71789264678955 0
1706889789694 10.964800834655762 0
1706889789765 10.800823211669922 0
1706889789837 10.832319259643555 0
1706889789909 10.755446434020996 0
1706889789977 10.754127502441406 0
1706889790049 10.8346529006958 0
1706889790120 10.834830284118652 0
1706889790192 10.932106971740723 0
1706889790264 10.799015998840332 0
1706889790335 10.881443977355957 0
1706889790402 10.770780563354492 0
1706889790477 10.715080261230469 0
1706889790545 10.671353340148926 0
1706889790618 10.718446731567383 0
1706889790690 10.8314847946167 0
1706889790763 10.758001327514648 0
1706889790834 10.741083145141602 0
1706889790911 10.806289672851562 0
1706889790985 10.769944190979004 0
1706889791060 10.74658489227295 0
1706889791130 10.754162788391113 0
1706889791206 10.843528747558594 0
1706889791276 10.670628547668457 0
1706889791347 10.850953102111816 0
1706889791418 10.734488487243652 0
1706889791491 10.694428443908691 0
1706889791559 10.740205764770508 0
1706889791633 10.668874740600586 0
1706889791706 10.742022514343262 0
1706889791777 10.59396743774414 0
1706889791848 10.836009979248047 0
1706889791920 10.845039367675781 0
1706889791991 10.808120727539062 0
1706889792070 10.682295799255371 0
1706889792143 10.755334854125977 0
1706889792217 10.804780960083008 0
1706889792287 10.720271110534668 0
1706889792357 10.711777687072754 0
1706889792427 10.769756317138672 0
1706889792503 10.85122299194336 0
1706889792574 10.63232421875 0
1706889792649 10.609930038452148 0
1706889792719 10.746530532836914 0
1706889792794 10.574249267578125 0
1706889792864 10.76170539855957 0
1706889792940 10.703705787658691 0
1706889793016 10.674910545349121 0
1706889793121 10.779549598693848 0
1706889793193 10.686640739440918 0
1706889793299 10.724201202392578 0
1706889793385 10.820272445678711 0
1706889793468 10.74698543548584 0
1706889793540 10.828245162963867 0
1706889793614 10.663640022277832 0
1706889793684 10.815010070800781 0
1706889793789 10.748147010803223 0
1706889793861 10.72152328491211 0
1706889793945 10.781986236572266 0
1706889794015 10.671360969543457 0
1706889794096 10.705068588256836 0
1706889794167 10.796492576599121 0
1706889794244 10.811786651611328 0
1706889794317 10.836491584777832 0
1706889794396 10.878461837768555 0
1706889794468 10.721776962280273 0
1706889794546 10.748355865478516 0
1706889794618 10.825272560119629 0
1706889794691 10.80593204498291 0
1706889794764 10.772069931030273 0
1706889794836 10.773554801940918 0
1706889794907 10.722538948059082 0
1706889794978 10.772805213928223 0
1706889795047 10.761492729187012 0
1706889795119 10.725010871887207 0
1706889795189 10.84334945678711 0
1706889795263 10.794188499450684 0
1706889795337 10.924663543701172 0
1706889795414 10.768574714660645 0
1706889795482 10.70623779296875 0
1706889795563 10.727102279663086 0
1706889795634 10.783029556274414 0
1706889795703 10.719655990600586 0
1706889795775 10.749175071716309 0
1706889795847 10.761198043823242 0
1706889795917 10.72963809967041 0
1706889795987 10.69029712677002 0
1706889796060 10.802221298217773 0
1706889796134 10.832894325256348 0
1706889796207 10.785698890686035 0
1706889796278 10.791472434997559 0
1706889796350 10.642146110534668 0
1706889796422 10.852888107299805 0
1706889796501 10.675142288208008 0
1706889796575 10.719888687133789 0
1706889796652 10.792427062988281 0
1706889796728 10.661084175109863 0
1706889796800 10.68343448638916 0
1706889796872 10.773237228393555 0
1706889796942 10.723514556884766 0
1706889797019 10.8619966506958 0
1706889797088 10.882244110107422 0
1706889797162 10.640254974365234 0
1706889797231 10.842546463012695 0
1706889797303 10.686807632446289 0
1706889797378 10.877873420715332 0
1706889797450 10.848536491394043 0
1706889797520 10.759032249450684 0
1706889797594 10.602222442626953 0
1706889797669 10.714150428771973 0
1706889797740 10.851122856140137 0
1706889797811 10.677906036376953 0
1706889797881 10.731781005859375 0
1706889797953 10.747299194335938 0
1706889798030 10.788226127624512 0
1706889798105 10.696234703063965 0
1706889798185 10.818584442138672 0
1706889798262 10.778918266296387 0
1706889798339 10.774439811706543 0
1706889798414 10.70937728881836 0
1706889798491 10.838888168334961 0
1706889798567 10.735468864440918 0
1706889798650 10.834892272949219 0
1706889798724 10.676523208618164 0
1706889798811 10.762361526489258 0
1706889798888 10.6947660446167 0
1706889798973 10.644713401794434 0
1706889799052 10.711312294006348 0
1706889799134 10.705042839050293 0
1706889799214 10.716811180114746 0
1706889799286 10.68902587890625 0
1706889799366 10.830942153930664 0
1706889799452 10.744102478027344 0
1706889799527 10.844426155090332 0
1706889799600 10.687324523925781 0
1706889799669 10.796792984008789 0
1706889799743 10.738606452941895 0
1706889799817 10.770806312561035 0
1706889799901 10.564708709716797 0
1706889799976 10.723787307739258 0
1706889800054 10.72187328338623 0
1706889800125 10.708183288574219 0
1706889800200 10.73199462890625 0
1706889800269 10.867249488830566 0
1706889800341 10.830575942993164 0
1706889800410 10.758639335632324 0
1706889800485 10.792349815368652 0
1706889800557 10.72265625 0
1706889800640 10.865224838256836 0
1706889800718 10.726728439331055 0
1706889800797 10.751335144042969 0
1706889800868 10.919443130493164 0
1706889800946 10.723531723022461 0
1706889801030 10.684887886047363 0
1706889801118 10.653212547302246 0
1706889801189 10.895110130310059 0
1706889801264 10.814367294311523 0
1706889801334 10.755762100219727 0
1706889801409 10.775538444519043 0
1706889801488 10.74277400970459 0
1706889801567 10.928221702575684 0
1706889801640 10.811593055725098 0
1706889801722 10.877042770385742 0
1706889801794 10.831009864807129 0
1706889801867 10.794008255004883 0
1706889801937 10.904864311218262 0
1706889802011 10.806463241577148 0
1706889802082 10.830421447753906 0
1706889802161 10.66507339477539 0
1706889802243 10.646443367004395 0
1706889802332 10.765946388244629 0
1706889802400 10.854538917541504 0
1706889802475 10.746233940124512 0
1706889802554 10.795479774475098 0
1706889802628 10.767058372497559 0
1706889802698 10.613971710205078 0
1706889802774 10.677593231201172 0
1706889802852 10.701397895812988 0
1706889802925 10.821139335632324 0
1706889802997 10.693384170532227 0
1706889803070 10.812926292419434 0
1706889803139 10.839219093322754 0
1706889803247 10.71601676940918 0
1706889803320 10.904265403747559 0
1706889803398 10.716861724853516 0
1706889803471 10.742010116577148 0
1706889803546 10.71362590789795 0
1706889803615 10.782646179199219 0
1706889803685 10.871908187866211 0
1706889803754 10.788032531738281 0
1706889803827 10.831498146057129 0
1706889803898 10.903975486755371 0
1706889803975 10.811338424682617 0
1706889804055 10.833178520202637 0
1706889804131 10.791048049926758 0
1706889804201 10.874329566955566 0
1706889804324 10.65152359008789 0
1706889804399 10.805179595947266 0
1706889804485 10.817337036132812 0
1706889804564 10.819700241088867 0
1706889804637 10.710772514343262 0
1706889804709 10.82623291015625 0
1706889804781 10.7326021194458 0
1706889804852 10.759431838989258 0
1706889804927 10.817691802978516 0
1706889805001 10.670279502868652 0
1706889805079 10.823897361755371 0
1706889805158 10.779350280761719 0
1706889805230 10.718911170959473 0
1706889805304 10.767385482788086 0
1706889805373 10.832040786743164 0
1706889805443 10.741887092590332 0
1706889805515 10.936755180358887 0
1706889805598 10.97371768951416 0
1706889805673 10.635308265686035 0
1706889805742 10.772812843322754 0
1706889805814 10.761191368103027 0
1706889805883 10.697161674499512 0
1706889805956 10.821080207824707 0
1706889806024 10.796117782592773 0
1706889806096 10.748677253723145 0
1706889806164 10.755951881408691 0
1706889806239 10.737293243408203 0
1706889806308 10.756814956665039 0
1706889806379 10.660046577453613 0
1706889806450 10.869175910949707 0
1706889806522 10.690847396850586 0
1706889806589 10.84732437133789 0
1706889806657 10.822187423706055 0
1706889806732 10.836915016174316 0
1706889806805 10.844321250915527 0
1706889806874 10.682917594909668 0
1706889806944 10.891003608703613 0
1706889807014 10.774210929870605 0
1706889807142 10.816327095031738 0
1706889807209 10.716302871704102 0
1706889807280 10.521777153015137 0
1706889807348 10.717788696289062 0
1706889807419 10.777827262878418 0
1706889807486 10.8724946975708 0
1706889807556 10.682550430297852 0
1706889807624 10.81672191619873 0
1706889807703 10.776397705078125 0
1706889807777 10.883668899536133 0
1706889807863 10.716126441955566 0
1706889807936 10.643766403198242 0
1706889808006 10.683775901794434 0
1706889808074 10.825521469116211 0
1706889808143 10.815532684326172 0
1706889808210 10.892539978027344 0
1706889808280 10.879850387573242 0
1706889808347 10.756141662597656 0
1706889808419 10.799365043640137 0
1706889808492 10.75532054901123 0
1706889808571 10.837461471557617 0
1706889808638 10.676651000976562 0
1706889808713 10.77547550201416 0
1706889808786 10.794325828552246 0
1706889808858 10.771306037902832 0
1706889808933 10.765874862670898 0
1706889809012 10.711709976196289 0
1706889809081 10.541036605834961 0
1706889809151 10.704312324523926 0
1706889809218 10.775432586669922 0
1706889809288 10.958192825317383 0
1706889809359 10.892417907714844 0
1706889809431 10.737187385559082 0
1706889809500 10.754578590393066 0
1706889809578 10.743002891540527 0
1706889809653 10.75764274597168 0
1706889809731 10.757200241088867 0
1706889809804 10.727583885192871 0
1706889809884 10.669751167297363 0
1706889809959 10.716801643371582 0
1706889810035 10.590067863464355 0
1706889810113 10.887721061706543 0
1706889810186 10.82536792755127 0
1706889810257 10.848800659179688 0
1706889810333 10.733195304870605 0
1706889810406 10.881352424621582 0
1706889810485 10.690112113952637 0
1706889810563 10.641585350036621 0
1706889810639 10.7886962890625 0
1706889810716 10.661446571350098 0
1706889810791 10.614143371582031 0
1706889810859 10.74103832244873 0
1706889810931 10.768756866455078 0
1706889810997 10.735555648803711 0
1706889811079 10.799721717834473 0
1706889811155 10.67142105102539 0
1706889811234 10.811027526855469 0
1706889811312 10.823081970214844 0
1706889811393 10.848525047302246 0
1706889811475 10.82404613494873 0
1706889811559 10.767047882080078 0
1706889811638 10.783644676208496 0
1706889811716 10.752951622009277 0
1706889811789 10.593214988708496 0
1706889811863 10.803947448730469 0
1706889811931 10.774962425231934 0
1706889812007 10.747405052185059 0
1706889812079 10.867424011230469 0
1706889812155 10.7989501953125 0
1706889812229 10.760355949401855 0
1706889812309 10.760714530944824 0
1706889812379 10.77579402923584 0
1706889812451 10.827774047851562 0
1706889812521 10.81302547454834 0
1706889812592 10.762062072753906 0
1706889812670 10.733625411987305 0
1706889812754 10.819595336914062 0
1706889812821 10.724034309387207 0
1706889812893 10.586806297302246 0
1706889812964 10.697522163391113 0
1706889813034 10.805712699890137 0
1706889813109 10.718412399291992 0
1706889813187 10.707250595092773 0
1706889813258 10.833205223083496 0
1706889813330 10.726109504699707 0
1706889813403 10.686339378356934 0
1706889813474 10.607563018798828 0
1706889813550 10.78419017791748 0
1706889813630 10.784116744995117 0
1706889813707 10.669487953186035 0
1706889813787 10.881141662597656 0
1706889813864 10.794142723083496 0
1706889813945 10.727555274963379 0
1706889814018 10.913748741149902 0
1706889814089 10.710658073425293 0
1706889814157 10.699078559875488 0
1706889814225 10.719087600708008 0
1706889814293 10.833274841308594 0
1706889814362 10.778254508972168 0
1706889814433 10.751696586608887 0
1706889814512 10.74405288696289 0
1706889814586 10.746631622314453 0
1706889814662 10.670916557312012 0
1706889814732 10.8358154296875 0
1706889814806 10.596749305725098 0
1706889814876 10.851667404174805 0
1706889814947 10.717338562011719 0
1706889815051 10.689008712768555 0
1706889815132 10.722137451171875 0
1706889815211 10.802079200744629 0
1706889815287 10.706467628479004 0
1706889815359 10.931489944458008 0
1706889815434 10.753320693969727 0
1706889815535 10.742194175720215 0
1706889815613 10.845624923706055 0
1706889815679 10.807428359985352 0
1706889815748 10.82392406463623 0
1706889815816 10.814003944396973 0
1706889815887 10.569064140319824 0
1706889815957 10.812274932861328 0
1706889816031 10.78243637084961 0
1706889816101 10.747861862182617 0
1706889816172 10.89869499206543 0
1706889816241 10.770697593688965 0
1706889816308 10.743724822998047 0
1706889816377 10.683465003967285 0
1706889816448 10.691055297851562 0
1706889816517 10.718342781066895 0
1706889816587 10.740422248840332 0
1706889816659 10.783646583557129 0
1706889816734 10.94774341583252 0
1706889816802 10.841165542602539 0
1706889816872 10.7201509475708 0
1706889816942 10.68907356262207 0
1706889817011 10.622529029846191 0
1706889817080 10.765141487121582 0
1706889817153 10.84528923034668 0
1706889817221 10.777554512023926 0
1706889817295 10.797101020812988 0
1706889817362 10.775288581848145 0
1706889817433 10.805594444274902 0
1706889817499 10.638751983642578 0
1706889817571 10.744473457336426 0
1706889817646 10.730573654174805 0
1706889817726 10.840679168701172 0
1706889817811 10.700197219848633 0
1706889817890 10.738118171691895 0
1706889817961 10.73147201538086 0
1706889818031 10.673690795898438 0
1706889818099 10.749863624572754 0
1706889818170 10.753968238830566 0
1706889818237 10.732794761657715 0
1706889818307 10.746469497680664 0
1706889818374 10.554430961608887 0
1706889818444 10.704163551330566 0
1706889818513 10.691747665405273 0
1706889818582 10.8079833984375 0
1706889818654 10.78199577331543 0
1706889818723 10.786019325256348 0
1706889818791 10.826024055480957 0
1706889818863 10.758861541748047 0
1706889818936 10.690569877624512 0
1706889819008 10.690537452697754 0
1706889819080 10.824888229370117 0
1706889819164 10.882158279418945 0
1706889819235 10.827101707458496 0
1706889819310 10.81658935546875 0
1706889819378 10.782328605651855 0
1706889819447 10.802383422851562 0
1706889819514 10.812695503234863 0
1706889819584 10.687142372131348 0
1706889819657 10.719289779663086 0
1706889819728 10.797295570373535 0
1706889819798 10.773734092712402 0
1706889819867 10.73373794555664 0
1706889819934 10.848428726196289 0
1706889820010 10.70493221282959 0
1706889820089 10.67319393157959 0
1706889820167 10.798224449157715 0
1706889820240 10.712587356567383 0
1706889820314 10.714151382446289 0
1706889820382 10.908774375915527 0
1706889820453 10.698914527893066 0
1706889820522 10.791999816894531 0
1706889820593 10.734885215759277 0
1706889820663 10.933902740478516 0
1706889820730 10.872666358947754 0
1706889820797 10.668376922607422 0
1706889820865 10.743555068969727 0
1706889820936 10.75244426727295 0
1706889821008 10.699064254760742 0
1706889821085 10.643568992614746 0
1706889821156 10.805337905883789 0
1706889821225 10.750619888305664 0
1706889821297 10.669559478759766 0
1706889821366 10.769123077392578 0
1706889821445 10.615239143371582 0
1706889821512 10.527347564697266 0
1706889821584 10.835855484008789 0
1706889821655 10.64482307434082 0
1706889821724 10.771687507629395 0
1706889821791 10.76513385772705 0
1706889821862 10.689010620117188 0
1706889821934 10.724817276000977 0
1706889822005 10.810656547546387 0
1706889822073 10.802047729492188 0
1706889822142 10.83736801147461 0
1706889822215 10.704044342041016 0
1706889822287 10.791295051574707 0
1706889822356 10.691850662231445 0
1706889822425 10.644638061523438 0
1706889822493 10.6433744430542 0
1706889822565 10.73951530456543 0
1706889822634 10.875303268432617 0
1706889822713 10.772077560424805 0
1706889822783 10.63397216796875 0
1706889822854 10.79958724975586 0
1706889822923 10.839932441711426 0
1706889822991 10.604475975036621 0
1706889823057 10.835049629211426 0
1706889823127 10.81816577911377 0
1706889823196 10.731779098510742 0
1706889823268 10.838584899902344 0
1706889823352 10.723495483398438 0
1706889823422 10.648359298706055 0
1706889823489 10.78333568572998 0
1706889823559 10.811142921447754 0
1706889823626 10.71037483215332 0
1706889823697 10.841419219970703 0
1706889823764 10.792207717895508 0
1706889823836 10.76462173461914 0
1706889823904 10.773049354553223 0
1706889823978 10.755203247070312 0
1706889824055 10.603137016296387 0
1706889824133 10.772313117980957 0
1706889824203 10.820478439331055 0
1706889824274 10.718936920166016 0
1706889824344 10.720993995666504 0
1706889824431 10.693010330200195 0
1706889824511 10.694173812866211 0
1706889824585 10.818401336669922 0
1706889824655 10.72860050201416 0
1706889824728 10.786050796508789 0
1706889824796 10.81124210357666 0
1706889824866 10.682771682739258 0
1706889824935 10.718530654907227 0
1706889825005 10.639679908752441 0
1706889825074 10.779768943786621 0
1706889825144 10.779890060424805 0
1706889825213 10.74364948272705 0
1706889825284 10.709823608398438 0
1706889825353 10.8316650390625 0
1706889825425 10.635318756103516 0
1706889825493 10.766406059265137 0
1706889825563 10.664007186889648 0
1706889825643 10.813924789428711 0
1706889825716 10.637957572937012 0
1706889825785 10.904854774475098 0
1706889825857 10.67120361328125 0
1706889825926 10.859621047973633 0
1706889825996 10.799928665161133 0
1706889826066 10.82275676727295 0
1706889826146 10.72179889678955 0
1706889826215 10.861591339111328 0
1706889826285 10.822507858276367 0
1706889826354 10.75429630279541 0
1706889826423 10.800108909606934 0
1706889826493 10.86173152923584 0
1706889826562 10.783580780029297 0
1706889826630 10.93520736694336 0
1706889826708 10.719521522521973 0
1706889826777 10.758627891540527 0
1706889826848 10.755707740783691 0
1706889826917 10.702065467834473 0
1706889826987 10.77014446258545 0
1706889827056 10.74593448638916 0
1706889827133 10.771994590759277 0
1706889827215 10.841771125793457 0
1706889827297 10.625777244567871 0
1706889827379 10.777352333068848 0
1706889827459 10.694549560546875 0
1706889827533 10.601168632507324 0
1706889827605 10.78406810760498 0
1706889827677 10.7801513671875 0
1706889827750 10.717513084411621 0
1706889827826 10.804619789123535 0
1706889827907 10.759300231933594 0
1706889827979 10.758015632629395 0
1706889828051 10.647867202758789 0
1706889828119 10.702266693115234 0
1706889828189 10.763664245605469 0
1706889828258 10.75796890258789 0
1706889828329 10.817304611206055 0
1706889828395 10.655978202819824 0
1706889828466 10.807847023010254 0
1706889828534 10.778831481933594 0
1706889828603 10.696531295776367 0
1706889828673 10.660030364990234 0
1706889828744 10.798201560974121 0
1706889828810 10.676297187805176 0
1706889828880 10.691834449768066 0
1706889828951 10.790534019470215 0
1706889829022 10.727303504943848 0
1706889829089 10.676934242248535 0
1706889829158 10.754934310913086 0
1706889829224 10.7308349609375 0
1706889829293 10.557729721069336 0
1706889829359 10.729212760925293 0
1706889829430 10.661724090576172 0
1706889829497 10.672839164733887 0
1706889829567 10.690995216369629 0
1706889829632 10.625078201293945 0
1706889829705 10.755403518676758 0
1706889829772 10.781583786010742 0
1706889829841 10.661429405212402 0
1706889829908 10.799469947814941 0
1706889829978 10.762733459472656 0
1706889830049 10.703072547912598 0
1706889830117 10.846724510192871 0
1706889830184 10.776030540466309 0
1706889830253 10.618907928466797 0
1706889830321 10.693589210510254 0
1706889830390 10.922598838806152 0
1706889830456 10.794503211975098 0
1706889830524 10.731590270996094 0
1706889830590 10.799162864685059 0
1706889830662 10.699132919311523 0
1706889830727 10.754861831665039 0
1706889830796 10.618552207946777 0
1706889830863 10.736136436462402 0
1706889830932 10.733930587768555 0
1706889830998 10.674431800842285 0
1706889831068 10.61050033569336 0
1706889831139 10.818841934204102 0
1706889831208 10.779195785522461 0
1706889831279 10.673423767089844 0
1706889831348 10.865073204040527 0
1706889831414 10.586661338806152 0
1706889831484 10.751249313354492 0
1706889831550 10.756275177001953 0
1706889831618 10.794797897338867 0
1706889831687 10.596485137939453 0
1706889831755 10.790373802185059 0
1706889831823 10.739640235900879 0
1706889831893 10.730896949768066 0
1706889831963 10.745463371276855 0
1706889832034 10.708944320678711 0
1706889832157 10.727208137512207 0
1706889832232 10.703571319580078 0
1706889832302 10.799389839172363 0
1706889832373 10.743772506713867 0
1706889832443 10.639547348022461 0
1706889832519 10.646710395812988 0
1706889832596 10.750283241271973 0
1706889832678 10.747365951538086 0
1706889832761 10.701504707336426 0
1706889832839 10.768815994262695 0
1706889832909 10.767498970031738 0
1706889832980 10.852389335632324 0
1706889833051 10.7146577835083 0
1706889833123 10.680922508239746 0
1706889833191 10.706595420837402 0
1706889833265 10.758421897888184 0
1706889833363 10.645660400390625 0
1706889833434 10.752278327941895 0
1706889833500 10.756065368652344 0
1706889833569 10.679433822631836 0
1706889833634 10.80199146270752 0
1706889833706 10.818964004516602 0
1706889833774 10.689482688903809 0
1706889833846 10.801755905151367 0
1706889833922 10.749894142150879 0
1706889833997 10.788080215454102 0
1706889834069 10.68980598449707 0
1706889834142 10.668087005615234 0
1706889834209 10.716057777404785 0
1706889834282 10.89694881439209 0
1706889834353 10.747950553894043 0
1706889834437 10.71165657043457 0
1706889834515 10.714049339294434 0
1706889834586 10.656604766845703 0
1706889834653 10.84656810760498 0
1706889834724 10.803462982177734 0
1706889834791 10.76382827758789 0
1706889834900 10.745999336242676 0
1706889834968 10.797995567321777 0
1706889835037 10.701085090637207 0
1706889835105 10.66755485534668 0
1706889835173 10.79453182220459 0
1706889835251 10.534399032592773 0
1706889835333 10.68800163269043 0
1706889835410 10.640069007873535 0
1706889835482 10.75493335723877 0
1706889835556 10.711275100708008 0
1706889835624 10.566232681274414 0
1706889835694 10.695828437805176 0
1706889835769 10.767099380493164 0
1706889835836 10.747608184814453 0
1706889835908 10.628388404846191 0
1706889835980 10.779696464538574 0
1706889836060 10.800189018249512 0
1706889836137 10.846589088439941 0
1706889836214 10.687256813049316 0
1706889836291 10.814501762390137 0
1706889836363 10.613066673278809 0
1706889836432 10.789199829101562 0
1706889836509 10.753922462463379 0
1706889836585 10.625205039978027 0
1706889836664 10.723783493041992 0
1706889836735 10.800101280212402 0
1706889836809 10.797372817993164 0
1706889836880 10.833173751831055 0
1706889836954 10.684288024902344 0
1706889837033 10.863090515136719 0
1706889837102 10.841028213500977 0
1706889837173 10.69851016998291 0
1706889837243 10.804900169372559 0
1706889837310 10.727087020874023 0
1706889837379 10.717334747314453 0
1706889837446 10.741090774536133 0
1706889837517 10.81994915008545 0
1706889837584 10.63528060913086 0
1706889837653 10.652743339538574 0
1706889837730 10.697754859924316 0
1706889837801 10.811594009399414 0
1706889837870 10.776153564453125 0
1706889837939 10.815555572509766 0
1706889838005 10.727601051330566 0
1706889838076 10.732475280761719 0
1706889838143 10.63740348815918 0
1706889838213 10.674513816833496 0
1706889838288 10.659354209899902 0
1706889838360 10.706241607666016 0
1706889838429 10.8173246383667 0
1706889838603 10.85316276550293 0
1706889838671 10.6553373336792 0
1706889838746 10.666261672973633 0
1706889838818 10.671273231506348 0
1706889838893 10.819436073303223 0
1706889838962 10.776905059814453 0
1706889839034 10.788430213928223 0
1706889839105 10.539749145507812 0
1706889839176 10.74344539642334 0
1706889839245 10.82207202911377 0
1706889839316 10.66960620880127 0
1706889839384 10.808286666870117 0
1706889839454 10.623703002929688 0
1706889839521 10.800103187561035 0
1706889839593 10.672821044921875 0
1706889839660 10.761066436767578 0
1706889839729 10.831313133239746 0
1706889839798 10.674200057983398 0
1706889839874 10.614726066589355 0
1706889839949 10.767170906066895 0
1706889840025 10.630144119262695 0
1706889840095 10.864574432373047 0
1706889840167 10.670218467712402 0
1706889840239 10.717169761657715 0
1706889840313 10.87179183959961 0
1706889840371 10.55987548828125 0
