1706889656701 10.906778335571289 0
1706889656775 21.670666694641113 0
1706889656845 32.526246070861816 0
1706889656917 43.44607734680176 0
1706889656986 54.297903060913086 0
1706889657060 65.0740909576416 0
1706889657133 75.96567440032959 0
1706889657230 86.74798679351807 0
1706889657306 97.50166320800781 0
1706889657382 108.36019039154053 0
1706889657458 119.2457857131958 0
1706889657531 130.27354621887207 0
1706889657603 140.91896438598633 0
1706889657682 151.7128496170044 0
1706889657753 162.4170970916748 0
1706889657828 173.29150295257568 0
1706889657899 184.0813341140747 0
1706889657973 194.77585887908936 0
1706889658040 205.68684673309326 0
1706889658114 216.5160779953003 0
1706889658183 227.30045223236084 0
1706889658254 238.05204582214355 0
1706889658328 248.98571395874023 0
1706889658400 259.73265075683594 0
1706889658466 270.50380420684814 0
1706889658537 281.26999950408936 0
1706889658603 292.03953647613525 0
1706889658674 302.93835735321045 0
1706889658741 313.6416816711426 0
1706889658811 324.4920024871826 0
1706889658877 335.33473014831543 0
1706889658947 346.17460536956787 0
1706889659014 356.95485496520996 0
1706889659085 367.73334217071533 0
1706889659151 378.6280765533447 0
1706889659221 389.3880910873413 0
1706889659288 400.1310691833496 0
1706889659360 410.86419105529785 0
1706889659434 421.6921606063843 0
1706889659506 432.3581609725952 0
1706889659573 443.1991443634033 0
1706889659643 454.0966320037842 0
1706889659714 464.89009284973145 0
1706889659784 475.6660499572754 0
1706889659852 486.3894233703613 0
1706889659922 497.2702217102051 0
1706889659991 508.00609970092773 0
1706889660063 518.8204231262207 0
1706889660131 529.5896883010864 0
1706889660203 540.4350671768188 0
1706889660271 551.2153415679932 0
1706889660341 562.1232500076294 0
1706889660409 573.0575370788574 0
1706889660481 583.8487272262573 0
1706889660553 594.7838430404663 0
1706889660625 605.7500467300415 0
1706889660693 616.696042060852 0
1706889660763 627.6258926391602 0
1706889660829 638.5165386199951 0
1706889660902 649.3596601486206 0
1706889660970 660.1604194641113 0
1706889661048 670.8773851394653 0
1706889661115 681.7489061355591 0
1706889661186 692.6112594604492 0
1706889661253 703.4143104553223 0
1706889661324 714.2479190826416 0
1706889661392 725.047890663147 0
1706889661465 735.8880214691162 0
1706889661533 746.793628692627 0
1706889661606 757.6525573730469 0
1706889661677 768.4920530319214 0
1706889661747 779.2587671279907 0
1706889661816 790.1681976318359 0
1706889661888 800.8890829086304 0
1706889661957 811.7828798294067 0
1706889662030 822.6665353775024 0
1706889662100 833.4131736755371 0
1706889662175 844.4356021881104 0
1706889662253 855.3346900939941 0
1706889662329 866.1121501922607 0
1706889662413 876.912558555603 0
1706889662497 887.7571811676025 0
1706889662570 898.4298467636108 0
1706889662647 909.3236970901489 0
1706889662726 920.1604661941528 0
1706889662816 930.963056564331 0
1706889662943 941.7500848770142 0
1706889663064 952.5095701217651 0
1706889663247 963.2843923568726 0
1706889663460 974.2134504318237 0
1706889663659 985.0120229721069 0
1706889663751 995.7872266769409 0
1706889663824 1006.5518941879272 0
1706889663898 1017.3973417282104 0
1706889663966 1028.1983432769775 0
1706889664036 1038.8688192367554 0
1706889664103 1049.8255758285522 0
1706889664171 1060.6002044677734 0
1706889664243 1071.4056406021118 0
1706889664316 1082.1587963104248 0
1706889664386 1093.0061798095703 0
1706889664456 1103.9389190673828 0
1706889664527 1114.7258796691895 0
1706889664603 1125.675072669983 0
1706889664674 1136.537543296814 0
1706889664747 1147.4006156921387 0
1706889664820 1158.1323928833008 0
1706889664892 1169.0088520050049 0
1706889664966 1179.9563674926758 0
1706889665042 1190.721357345581 0
1706889665116 1201.5475177764893 0
1706889665190 1212.3444833755493 0
1706889665264 1223.077989578247 0
1706889665343 1233.810959815979 0
1706889665421 1244.599681854248 0
1706889665499 1255.2803955078125 0
1706889665582 1266.1496601104736 0
1706889665666 1276.9590473175049 0
1706889665743 1287.737937927246 0
1706889665819 1298.4914827346802 0
1706889665899 1309.2971496582031 0
1706889665981 1320.1308279037476 0
1706889666061 1331.0064001083374 0
1706889666139 1341.8242597579956 0
1706889666212 1352.548436164856 0
1706889666334 1363.4217319488525 0
1706889666401 1374.1515483856201 0
1706889666469 1385.0221672058105 0
1706889666537 1395.8027172088623 0
1706889666612 1406.6116180419922 0
1706889666683 1417.4425554275513 0
1706889666759 1428.2057819366455 0
1706889666831 1439.0474348068237 0
1706889666905 1449.7611236572266 0
1706889666978 1460.4518737792969 0
1706889667058 1471.3701095581055 0
1706889667128 1482.3509035110474 0
1706889667208 1493.0861701965332 0
1706889667280 1503.9159364700317 0
1706889667355 1514.8708658218384 0
1706889667429 1525.8314065933228 0
1706889667509 1536.641653060913 0
1706889667581 1547.3744802474976 0
1706889667655 1558.3040351867676 0
1706889667727 1569.129355430603 0
1706889667805 1580.0212879180908 0
1706889667879 1590.8874368667603 0
1706889667954 1601.6908893585205 0
1706889668036 1612.4712629318237 0
1706889668111 1623.1930742263794 0
1706889668181 1634.0422201156616 0
1706889668255 1644.824405670166 0
1706889668329 1655.6982879638672 0
1706889668403 1666.5773420333862 0
1706889668473 1677.3609800338745 0
1706889668545 1688.049711227417 0
1706889668614 1698.924264907837 0
1706889668684 1709.7992134094238 0
1706889668753 1720.5473346710205 0
1706889668825 1731.3677387237549 0
1706889668897 1742.1491947174072 0
1706889668969 1752.9813995361328 0
1706889669041 1763.9661979675293 0
1706889669112 1774.7973403930664 0
1706889669179 1785.6336526870728 0
1706889669247 1796.4898672103882 0
1706889669313 1807.387996673584 0
1706889669388 1818.1613836288452 0
1706889669460 1828.9099826812744 0
1706889669534 1839.8246335983276 0
1706889669604 1850.5581903457642 0
1706889669674 1861.3994626998901 0
1706889669741 1872.1305294036865 0
1706889669809 1882.934087753296 0
1706889669876 1893.6955852508545 0
1706889669945 1904.5106792449951 0
1706889670013 1915.2205600738525 0
1706889670086 1926.039394378662 0
1706889670154 1936.876130104065 0
1706889670224 1947.6304216384888 0
1706889670292 1958.432601928711 0
1706889670363 1969.2687244415283 0
1706889670430 1979.9685010910034 0
1706889670506 1990.9169511795044 0
1706889670582 2001.8294744491577 0
1706889670651 2012.690836906433 0
1706889670718 2023.5066967010498 0
1706889670787 2034.3315963745117 0
1706889670855 2044.9745054244995 0
1706889670926 2055.8769159317017 0
1706889670994 2066.6637258529663 0
1706889671070 2077.5108919143677 0
1706889671138 2088.203155517578 0
1706889671209 2098.9410972595215 0
1706889671285 2109.778429031372 0
1706889671362 2120.566303253174 0
1706889671434 2131.338234901428 0
1706889671504 2142.107339859009 0
1706889671575 2153.006206512451 0
1706889671653 2163.7253160476685 0
1706889671725 2174.5807704925537 0
1706889671800 2185.4704809188843 0
1706889671871 2196.193166732788 0
1706889671946 2206.9961013793945 0
1706889672017 2217.855577468872 0
1706889672088 2228.6480588912964 0
1706889672158 2239.49907207489 0
1706889672260 2250.433342933655 0
1706889672327 2261.226159095764 0
1706889672398 2272.0355262756348 0
1706889672469 2282.882933616638 0
1706889672539 2293.7860889434814 0
1706889672608 2304.6285648345947 0
1706889672684 2315.423987388611 0
1706889672754 2326.212080001831 0
1706889672827 2337.0790824890137 0
1706889672902 2347.802989959717 0
1706889672976 2358.6695289611816 0
1706889673048 2369.5445890426636 0
1706889673118 2380.3394050598145 0
1706889673187 2391.1521825790405 0
1706889673258 2402.0807571411133 0
1706889673329 2412.877555847168 0
1706889673399 2423.5823888778687 0
1706889673466 2434.3959646224976 0
1706889673540 2445.1502599716187 0
1706889673611 2455.9127101898193 0
1706889673685 2466.732780456543 0
1706889673758 2477.489984512329 0
1706889673834 2488.222176551819 0
1706889673912 2499.131938934326 0
1706889673991 2509.8668451309204 0
1706889674062 2520.7121438980103 0
1706889674132 2531.593420982361 0
1706889674201 2542.3759565353394 0
1706889674279 2553.2152881622314 0
1706889674347 2563.989698410034 0
1706889674417 2574.7959022521973 0
1706889674486 2585.5478172302246 0
1706889674558 2596.217725753784 0
1706889674626 2606.9457693099976 0
1706889674697 2617.788766860962 0
1706889674770 2628.590171813965 0
1706889674841 2639.435089111328 0
1706889674917 2650.2808504104614 0
1706889674988 2661.157989501953 0
1706889675061 2671.9084491729736 0
1706889675131 2682.7473526000977 0
1706889675200 2693.46528339386 0
1706889675270 2704.308006286621 0
1706889675337 2715.174235343933 0
1706889675410 2725.9526386260986 0
1706889675478 2736.713104248047 0
1706889675554 2747.4856853485107 0
1706889675622 2758.331781387329 0
1706889675695 2769.127655982971 0
1706889675762 2779.862901687622 0
1706889675887 2790.700750350952 0
1706889675974 2801.671544075012 0
1706889676054 2812.5601291656494 0
1706889676123 2823.350998878479 0
1706889676196 2834.2009887695312 0
1706889676266 2845.0102500915527 0
1706889676337 2855.8322763442993 0
1706889676407 2866.5765533447266 0
1706889676478 2877.5383644104004 0
1706889676550 2888.344702720642 0
1706889676629 2899.254593849182 0
1706889676703 2910.081160545349 0
1706889676775 2920.6950693130493 0
1706889676847 2931.513813972473 0
1706889676924 2942.3098611831665 0
1706889676993 2953.158477783203 0
1706889677064 2963.9999952316284 0
1706889677141 2974.867985725403 0
1706889677213 2985.786500930786 0
1706889677280 2996.5862703323364 0
1706889677353 3007.42316532135 0
1706889677421 3018.165288925171 0
1706889677494 3028.933588027954 0
1706889677562 3039.749429702759 0
1706889677635 3050.506675720215 0
1706889677703 3061.4909925460815 0
1706889677773 3072.185064315796 0
1706889677844 3082.933403968811 0
1706889677921 3093.635407447815 0
1706889677992 3104.374183654785 0
1706889678066 3115.298529624939 0
1706889678137 3126.21289730072 0
1706889678210 3136.856141090393 0
1706889678281 3147.5924367904663 0
1706889678352 3158.3137035369873 0
1706889678426 3169.1064224243164 0
1706889678497 3179.900544166565 0
1706889678567 3190.68541431427 0
1706889678637 3201.4145612716675 0
1706889678706 3212.245587348938 0
1706889678781 3223.0671710968018 0
1706889678853 3233.9081954956055 0
1706889678925 3244.790817260742 0
1706889678995 3255.5557069778442 0
1706889679070 3266.2484226226807 0
1706889679141 3277.1302461624146 0
1706889679210 3287.9478549957275 0
1706889679277 3298.7706899642944 0
1706889679353 3309.6546201705933 0
1706889679423 3320.5145502090454 0
1706889679497 3331.32470035553 0
1706889679565 3342.09766292572 0
1706889679635 3352.9505462646484 0
1706889679706 3363.6394634246826 0
1706889679778 3374.4133672714233 0
1706889679847 3385.302656173706 0
1706889679919 3396.166195869446 0
1706889679992 3407.0585536956787 0
1706889680065 3417.785484313965 0
1706889680135 3428.56964302063 0
1706889680204 3439.437584877014 0
1706889680276 3450.166784286499 0
1706889680349 3460.9458417892456 0
1706889680421 3471.717321395874 0
1706889680496 3482.504997253418 0
1706889680570 3493.197208404541 0
1706889680643 3504.089982032776 0
1706889680717 3514.936080932617 0
1706889680788 3525.7462015151978 0
1706889680857 3536.398917198181 0
1706889680930 3547.3196058273315 0
1706889681002 3558.1485929489136 0
1706889681075 3569.0297718048096 0
1706889681143 3579.7683210372925 0
1706889681213 3590.573929786682 0
1706889681280 3601.3743047714233 0
1706889681350 3612.2228479385376 0
1706889681419 3623.121406555176 0
1706889681490 3634.042992591858 0
1706889681564 3644.9238862991333 0
1706889681637 3655.629590988159 0
1706889681705 3666.4665546417236 0
1706889681776 3677.2640352249146 0
1706889681844 3688.076907157898 0
1706889681914 3698.8558044433594 0
1706889681981 3709.740336418152 0
1706889682051 3720.696081161499 0
1706889682124 3731.5279579162598 0
1706889682222 3742.32310962677 0
1706889682365 3753.1522035598755 0
1706889682435 3763.9233083724976 0
1706889682502 3774.802433013916 0
1706889682574 3785.6022214889526 0
1706889682653 3796.517786026001 0
1706889682730 3807.2758226394653 0
1706889682798 3818.1910095214844 0
1706889682872 3828.8689041137695 0
1706889682941 3839.7264289855957 0
1706889683016 3850.5703926086426 0
1706889683089 3861.356990814209 0
1706889683164 3872.281859397888 0
1706889683234 3883.1273517608643 0
1706889683305 3893.943130493164 0
1706889683373 3904.6681270599365 0
1706889683446 3915.457260131836 0
1706889683514 3926.42271232605 0
1706889683585 3937.204831123352 0
1706889683652 3947.9669122695923 0
1706889683726 3958.9453105926514 0
1706889683800 3969.716619491577 0
1706889683870 3980.489230155945 0
1706889683940 3991.210955619812 0
1706889684012 4001.9792766571045 0
1706889684081 4012.9996089935303 0
1706889684150 4023.7586631774902 0
1706889684224 4034.5692653656006 0
1706889684295 4045.3714847564697 0
1706889684364 4056.1509742736816 0
1706889684435 4066.9556846618652 0
1706889684509 4077.810486793518 0
1706889684581 4088.684992790222 0
1706889684652 4099.372614860535 0
1706889684724 4110.159598350525 0
1706889684793 4120.914397239685 0
1706889684869 4131.727723121643 0
1706889684940 4142.604358673096 0
1706889685015 4153.274771690369 0
1706889685083 4164.095093727112 0
1706889685155 4174.830735206604 0
1706889685225 4185.742022514343 0
1706889685297 4196.5612716674805 0
1706889685366 4207.310140609741 0
1706889685440 4218.033742904663 0
1706889685509 4228.784419059753 0
1706889685581 4239.64931678772 0
1706889685650 4250.447527885437 0
1706889685724 4261.12940120697 0
1706889685793 4272.1037855148315 0
1706889685863 4282.888929367065 0
1706889685936 4293.550554275513 0
1706889686012 4304.429922103882 0
1706889686081 4315.145727157593 0
1706889686153 4326.062907218933 0
1706889686221 4336.876780509949 0
1706889686293 4347.623987197876 0
1706889686360 4358.476934432983 0
1706889686431 4369.4118394851685 0
1706889686498 4380.4545793533325 0
1706889686569 4391.316926002502 0
1706889686742 4402.176113128662 0
1706889686814 4412.902205467224 0
1706889686886 4423.706520080566 0
1706889686963 4434.579753875732 0
1706889687033 4445.433511734009 0
1706889687110 4456.218640327454 0
1706889687184 4466.996935844421 0
1706889687253 4477.748099327087 0
1706889687324 4488.6103982925415 0
1706889687399 4499.49370765686 0
1706889687481 4510.472634315491 0
1706889687563 4521.418329238892 0
1706889687634 4532.169153213501 0
1706889687710 4543.050440788269 0
1706889687784 4553.965093612671 0
1706889687863 4564.897214889526 0
1706889687940 4575.839584350586 0
1706889688027 4586.610297203064 0
1706889688115 4597.489005088806 0
1706889688215 4608.358709335327 0
1706889688318 4619.128724098206 0
1706889688413 4629.8592004776 0
1706889688623 4640.729413986206 0
1706889688710 4651.546637535095 0
1706889688785 4662.2750997543335 0
1706889688860 4673.1005754470825 0
1706889688938 4683.819123268127 0
1706889689019 4694.746942520142 0
1706889689096 4705.626074790955 0
1706889689174 4716.349768638611 0
1706889689249 4727.0697889328 0
1706889689329 4737.846293449402 0
1706889689406 4748.612176895142 0
1706889689481 4759.40851688385 0
1706889689550 4770.23884677887 0
1706889689622 4781.062363624573 0
1706889689693 4791.8975620269775 0
1706889689767 4802.669477462769 0
1706889689838 4813.524435043335 0
1706889689915 4824.334710121155 0
1706889689989 4835.170845031738 0
1706889690060 4845.980520248413 0
1706889690134 4856.717819213867 0
1706889690209 4867.528521537781 0
1706889690283 4878.3789167404175 0
1706889690369 4889.197522163391 0
1706889690444 4900.118288040161 0
1706889690529 4911.013828277588 0
1706889690606 4921.952887535095 0
1706889690684 4932.756152153015 0
1706889690754 4943.536849975586 0
1706889690829 4954.382509231567 0
1706889690902 4965.25811958313 0
1706889690976 4976.160272598267 0
1706889691049 4986.95498085022 0
1706889691124 4997.726647377014 0
1706889691193 5008.481558799744 0
1706889691263 5019.272261619568 0
1706889691330 5029.940174102783 0
1706889691402 5040.79236125946 0
1706889691471 5051.752491950989 0
1706889691542 5062.517734527588 0
1706889691614 5073.240858078003 0
1706889691692 5084.097975730896 0
1706889691764 5095.016211509705 0
1706889691835 5105.722678184509 0
1706889691902 5116.55242061615 0
1706889691972 5127.241968154907 0
1706889692044 5138.08779335022 0
1706889692115 5148.6971826553345 0
1706889692183 5159.600724220276 0
1706889692254 5170.333778381348 0
1706889692324 5181.088517189026 0
1706889692394 5191.850304603577 0
1706889692464 5202.683024406433 0
1706889692534 5213.5910568237305 0
1706889692604 5224.356705665588 0
1706889692686 5235.262414932251 0
1706889692790 5246.111979484558 0
1706889692863 5257.032633781433 0
1706889692933 5267.8838748931885 0
1706889693029 5278.769865036011 0
1706889693171 5289.646636962891 0
1706889693240 5300.38251209259 0
1706889693310 5311.148121833801 0
1706889693381 5321.951034545898 0
1706889693450 5332.740931510925 0
1706889693522 5343.536544799805 0
1706889693593 5354.304878234863 0
1706889693665 5365.121182441711 0
1706889693735 5375.975776672363 0
1706889693807 5386.828778266907 0
1706889693880 5397.6593542099 0
1706889693951 5408.513731956482 0
1706889694020 5419.222357749939 0
1706889694093 5430.125668525696 0
1706889694165 5440.859880447388 0
1706889694238 5451.67248916626 0
1706889694309 5462.398138999939 0
1706889694380 5473.0862827301025 0
1706889694451 5483.868374824524 0
1706889694522 5494.702098846436 0
1706889694592 5505.432438850403 0
1706889694664 5516.235952377319 0
1706889694732 5527.127161026001 0
1706889694806 5538.017859458923 0
1706889694874 5548.807504653931 0
1706889694953 5559.7184953689575 0
1706889695027 5570.466794013977 0
1706889695101 5581.298414230347 0
1706889695171 5592.1313943862915 0
1706889695242 5602.843086242676 0
1706889695312 5613.677112579346 0
1706889695386 5624.565427780151 0
1706889695455 5635.387731552124 0
1706889695526 5646.240246772766 0
1706889695597 5657.134753227234 0
1706889695670 5667.984305381775 0
1706889695741 5678.721522331238 0
1706889695813 5689.651779174805 0
1706889695883 5700.396970748901 0
1706889695955 5711.225709915161 0
1706889696028 5722.00954914093 0
1706889696102 5732.81275844574 0
1706889696170 5743.544096946716 0
1706889696242 5754.338912963867 0
1706889696311 5765.147975921631 0
1706889696381 5776.0315990448 0
1706889696453 5786.743188858032 0
1706889696527 5797.502148628235 0
1706889696604 5808.40235710144 0
1706889696679 5819.227618217468 0
1706889696764 5830.097032546997 0
1706889696841 5840.9204750061035 0
1706889696932 5851.807636260986 0
1706889697025 5862.821369171143 0
1706889697110 5873.556506156921 0
1706889697187 5884.237302780151 0
1706889697257 5895.0106410980225 0
1706889697334 5905.803647041321 0
1706889697408 5916.606103897095 0
1706889697481 5927.47633266449 0
1706889697551 5938.291570663452 0
1706889697641 5949.207908630371 0
1706889697725 5959.985439300537 0
1706889697803 5970.788489341736 0
1706889697878 5981.609169960022 0
1706889697959 5992.535503387451 0
1706889698034 6003.37225818634 0
1706889698117 6014.147759437561 0
1706889698218 6024.8949546813965 0
1706889698308 6035.749598503113 0
1706889698387 6046.556609153748 0
1706889698464 6057.384405136108 0
1706889698542 6068.136751174927 0
1706889698647 6079.023151397705 0
1706889698722 6089.820637702942 0
1706889698804 6100.55841255188 0
1706889698880 6111.270300865173 0
1706889698962 6122.235651016235 0
1706889699051 6133.066313743591 0
1706889699159 6143.95173740387 0
1706889699242 6154.82758140564 0
1706889699326 6165.551380157471 0
1706889699411 6176.358584403992 0
1706889699509 6187.212246894836 0
1706889699593 6198.010313034058 0
1706889699677 6208.750743865967 0
1706889699760 6219.582029342651 0
1706889699846 6230.476322174072 0
1706889699930 6241.32377910614 0
1706889700013 6252.161134719849 0
1706889700103 6262.995059967041 0
1706889700181 6273.855315208435 0
1706889700255 6284.775040626526 0
1706889700340 6295.596319198608 0
1706889700424 6306.372765541077 0
1706889700510 6317.150145530701 0
1706889700592 6327.985768318176 0
1706889700678 6338.848856925964 0
1706889700755 6349.695360183716 0
1706889700841 6360.501968383789 0
1706889700918 6371.338267326355 0
1706889700999 6382.175976753235 0
1706889701087 6393.113280296326 0
1706889701164 6403.929651260376 0
1706889701236 6414.714367866516 0
1706889701311 6425.468427658081 0
1706889701388 6436.190187454224 0
1706889701467 6447.048721313477 0
1706889701544 6457.936239242554 0
1706889701616 6468.7845640182495 0
1706889701694 6479.507811546326 0
1706889701806 6490.360262870789 0
1706889701890 6501.174970626831 0
1706889701970 6511.940988540649 0
1706889702051 6522.821056365967 0
1706889702131 6533.646234512329 0
1706889702206 6544.5163106918335 0
1706889702279 6555.377326965332 0
1706889702352 6566.393230438232 0
1706889702430 6577.115096092224 0
1706889702504 6587.937907218933 0
1706889702582 6598.702097892761 0
1706889702657 6609.407289505005 0
1706889702733 6620.102591514587 0
1706889702808 6630.926286697388 0
1706889702887 6641.728885650635 0
1706889702965 6652.558002471924 0
1706889703049 6663.368755340576 0
1706889703124 6674.1316175460815 0
1706889703203 6684.925312042236 0
1706889703277 6695.7584047317505 0
1706889703352 6706.548526763916 0
1706889703424 6717.226923942566 0
1706889703523 6727.94798374176 0
1706889703621 6738.792294502258 0
1706889703696 6749.586703300476 0
1706889703770 6760.428689956665 0
1706889703848 6771.249788284302 0
1706889703922 6782.13254737854 0
1706889704001 6792.92918586731 0
1706889704077 6803.659088134766 0
1706889704161 6814.549265861511 0
1706889704241 6825.378536224365 0
1706889704317 6836.182973861694 0
1706889704396 6846.8911485672 0
1706889704510 6857.680527687073 0
1706889704601 6868.465857505798 0
1706889704677 6879.378354072571 0
1706889704751 6890.192707061768 0
1706889704825 6901.085645675659 0
1706889704899 6911.878186225891 0
1706889704974 6922.737787246704 0
1706889705049 6933.514820098877 0
1706889705126 6944.276171684265 0
1706889705201 6955.138864517212 0
1706889705281 6966.0759925842285 0
1706889705354 6976.866341590881 0
1706889705428 6987.624755859375 0
1706889705500 6998.380994796753 0
1706889705573 7009.124477386475 0
1706889705645 7019.8178358078 0
1706889705720 7030.575496673584 0
1706889705796 7041.379019737244 0
1706889705869 7052.2171459198 0
1706889705940 7063.007246017456 0
1706889706016 7073.891142845154 0
1706889706086 7084.664512634277 0
1706889706161 7095.5866956710815 0
1706889706229 7106.3115158081055 0
1706889706303 7117.057147026062 0
1706889706377 7127.914828300476 0
1706889706450 7138.784070014954 0
1706889706520 7149.641067504883 0
1706889706593 7160.455635070801 0
1706889706662 7171.287006378174 0
1706889706740 7182.157831192017 0
1706889706812 7192.873029708862 0
1706889706883 7203.702159881592 0
1706889706955 7214.453542709351 0
1706889707030 7225.214752197266 0
1706889707102 7235.974051475525 0
1706889707185 7246.588862419128 0
1706889707274 7257.335949897766 0
1706889707348 7268.117767333984 0
1706889707424 7278.979028701782 0
1706889707502 7289.729120254517 0
1706889707570 7300.559756278992 0
1706889707645 7311.429611206055 0
1706889707724 7322.247094154358 0
1706889707799 7332.9942808151245 0
1706889707871 7343.96493434906 0
1706889707948 7354.712983131409 0
1706889708023 7365.487151145935 0
1706889708100 7376.33406829834 0
1706889708178 7387.196806907654 0
1706889708252 7397.910882949829 0
1706889708325 7408.694829940796 0
1706889708404 7419.434645652771 0
1706889708480 7430.32084941864 0
1706889708560 7441.12610912323 0
1706889708639 7452.032608985901 0
1706889708713 7462.928993225098 0
1706889708787 7473.673684120178 0
1706889708865 7484.589802742004 0
1706889708937 7495.476474761963 0
1706889709015 7506.108350753784 0
1706889709089 7516.921276092529 0
1706889709171 7527.649236679077 0
1706889709249 7538.494954109192 0
1706889709327 7549.45408821106 0
1706889709397 7560.3102922439575 0
1706889709472 7571.117449760437 0
1706889709544 7581.972770690918 0
1706889709619 7592.775412559509 0
1706889709689 7603.4969873428345 0
1706889709782 7614.299967765808 0
1706889709860 7625.082232475281 0
1706889709941 7635.915711402893 0
1706889710020 7646.853803634644 0
1706889710096 7657.666326522827 0
1706889710170 7668.433704376221 0
1706889710244 7679.328297615051 0
1706889710317 7690.358361244202 0
1706889710392 7701.106293678284 0
1706889710474 7711.8438539505005 0
1706889710555 7722.553062438965 0
1706889710628 7733.186803817749 0
1706889710701 7744.024206161499 0
1706889710776 7754.78325843811 0
1706889710860 7765.574704170227 0
1706889710953 7776.4984130859375 0
1706889711039 7787.377226829529 0
1706889711111 7798.174005508423 0
1706889711186 7808.931418418884 0
1706889711259 7819.777629852295 0
1706889711332 7830.573091506958 0
1706889711405 7841.4096937179565 0
1706889711483 7852.317897796631 0
1706889711558 7863.019976615906 0
1706889711635 7873.950702667236 0
1706889711717 7884.766146659851 0
1706889711792 7895.661195755005 0
1706889711862 7906.507761955261 0
1706889711941 7917.427138328552 0
1706889712026 7928.330772399902 0
1706889712116 7939.046269416809 0
1706889712198 7949.87689781189 0
1706889712278 7960.618999481201 0
1706889712360 7971.679194450378 0
1706889712442 7982.390926361084 0
1706889712519 7993.168572425842 0
1706889712596 8003.891777038574 0
1706889712675 8014.676223754883 0
1706889712755 8025.607332229614 0
1706889712833 8036.2757930755615 0
1706889712913 8047.176587104797 0
1706889712996 8057.861909866333 0
1706889713076 8068.6581354141235 0
1706889713152 8079.432084083557 0
1706889713238 8090.22830581665 0
1706889713318 8100.964677810669 0
1706889713393 8111.769026756287 0
1706889713464 8122.512564659119 0
1706889713538 8133.373613357544 0
1706889713611 8144.258626937866 0
1706889713689 8154.982128143311 0
1706889713764 8165.771047592163 0
1706889713839 8176.579416275024 0
1706889713914 8187.3589334487915 0
1706889713990 8198.006239891052 0
1706889714062 8208.829449653625 0
1706889714141 8219.516576766968 0
1706889714213 8230.32361984253 0
1706889714289 8241.076236724854 0
1706889714361 8251.888040542603 0
1706889714443 8262.729413032532 0
1706889714521 8273.484894752502 0
1706889714601 8284.272470474243 0
1706889714679 8295.072722434998 0
1706889714755 8305.936276435852 0
1706889714828 8316.619327545166 0
1706889714908 8327.385210037231 0
1706889714980 8338.249416351318 0
1706889715060 8349.146398544312 0
1706889715134 8360.027842521667 0
1706889715212 8370.777638435364 0
1706889715288 8381.52731704712 0
1706889715368 8392.394836425781 0
1706889715447 8403.250860214233 0
1706889715535 8414.008959770203 0
1706889715618 8424.744174957275 0
1706889715690 8435.533278465271 0
1706889715760 8446.350492477417 0
1706889715839 8457.126104354858 0
1706889715916 8467.866319656372 0
1706889715990 8478.723526000977 0
1706889716064 8489.57126235962 0
1706889716139 8500.427636146545 0
1706889716212 8511.012539863586 0
1706889716287 8521.770583152771 0
1706889716356 8532.480001449585 0
1706889716428 8543.190529823303 0
1706889716497 8554.07428073883 0
1706889716570 8564.912372589111 0
1706889716644 8575.835110664368 0
1706889716725 8586.593211174011 0
1706889716803 8597.551239013672 0
1706889716881 8608.409521102905 0
1706889716957 8619.140894889832 0
1706889717032 8629.960234642029 0
1706889717110 8640.785380363464 0
1706889717187 8651.607048034668 0
1706889717264 8662.454216003418 0
1706889717344 8673.04179573059 0
1706889717417 8683.782135009766 0
1706889717496 8694.585299491882 0
1706889717570 8705.437204360962 0
1706889717648 8716.258987426758 0
1706889717719 8726.971086502075 0
1706889717795 8737.657752990723 0
1706889717887 8748.474853515625 0
1706889717962 8759.42087173462 0
1706889718035 8770.152718544006 0
1706889718110 8780.711724281311 0
1706889718182 8791.44843864441 0
1706889718256 8802.15037727356 0
1706889718326 8812.928052902222 0
1706889718398 8823.886560440063 0
1706889718468 8834.81793308258 0
1706889718529 8845.627117156982 0
1706889718642 10.866456031799316 0
1706889718717 21.775882720947266 0
1706889718790 32.587965965270996 0
1706889718862 43.54450702667236 0
1706889718937 54.39329433441162 0
1706889719028 65.1324872970581 0
1706889719108 75.79040241241455 0
1706889719183 86.53076553344727 0
1706889719265 97.49080657958984 0
1706889719343 108.30274200439453 0
1706889719426 119.10044193267822 0
1706889719505 129.828351020813 0
1706889719586 140.5393009185791 0
1706889719659 151.32811737060547 0
1706889719732 162.0576229095459 0
1706889719805 172.7835054397583 0
1706889719880 183.57796573638916 0
1706889719955 194.39240837097168 0
1706889720079 205.21540641784668 0
1706889720155 215.98868656158447 0
1706889720244 226.87505435943604 0
1706889720320 237.7981719970703 0
1706889720404 248.5069761276245 0
1706889720477 259.23932361602783 0
1706889720549 270.0433187484741 0
1706889720619 280.71339416503906 0
1706889720696 291.56486988067627 0
1706889720771 302.41496086120605 0
1706889720853 313.0867462158203 0
1706889720929 323.8118658065796 0
1706889721015 334.6925001144409 0
1706889721094 345.45030403137207 0
1706889721174 356.167028427124 0
1706889721250 367.076434135437 0
1706889721326 377.96490573883057 0
1706889721403 388.90185928344727 0
1706889721478 399.65781021118164 0
1706889721548 410.43567180633545 0
1706889721621 421.172532081604 0
1706889721692 432.0996103286743 0
1706889721767 442.8089599609375 0
1706889721841 453.5964183807373 0
1706889721916 464.3634090423584 0
1706889721986 475.0211706161499 0
1706889722061 485.82355785369873 0
1706889722137 496.6470470428467 0
1706889722215 507.4515333175659 0
1706889722287 518.3538246154785 0
1706889722362 529.1681175231934 0
1706889722437 539.9013051986694 0
1706889722517 550.6015224456787 0
1706889722589 561.3994550704956 0
1706889722673 572.3343639373779 0
1706889722747 583.0615730285645 0
1706889722821 593.8981513977051 0
1706889722901 604.7640829086304 0
1706889722985 615.591480255127 0
1706889723077 626.32310962677 0
1706889723166 637.0569543838501 0
1706889723254 647.85901927948 0
1706889723340 658.5892333984375 0
1706889723426 669.4281873703003 0
1706889723508 680.2370538711548 0
1706889723601 691.1256332397461 0
1706889723681 701.8771276473999 0
1706889723757 712.5917158126831 0
1706889723831 723.2896280288696 0
1706889723904 734.2428016662598 0
1706889724001 745.049352645874 0
1706889724078 755.7478189468384 0
1706889724158 766.5625343322754 0
1706889724234 777.3368682861328 0
1706889724313 788.1740407943726 0
1706889724383 799.0004329681396 0
1706889724458 809.8767070770264 0
1706889724535 820.6688451766968 0
1706889724615 831.5200471878052 0
1706889724697 842.3312005996704 0
1706889724784 853.3702840805054 0
1706889724864 864.3364038467407 0
1706889724947 875.2437801361084 0
1706889725025 886.084644317627 0
1706889725108 896.8895330429077 0
1706889725191 907.8533000946045 0
1706889725272 918.6929779052734 0
1706889725351 929.4628200531006 0
1706889725435 940.265944480896 0
1706889725516 951.0365743637085 0
1706889725596 961.8385715484619 0
1706889725687 972.7596340179443 0
1706889725770 983.4763746261597 0
1706889725847 994.2779216766357 0
1706889725942 1005.0584831237793 0
1706889726027 1015.8332624435425 0
1706889726114 1026.7017965316772 0
1706889726196 1037.5265283584595 0
1706889726281 1048.2763299942017 0
1706889726363 1059.0026721954346 0
1706889726440 1069.8098192214966 0
1706889726515 1080.5112991333008 0
1706889726591 1091.1047954559326 0
1706889726665 1101.9104681015015 0
1706889726741 1112.7494163513184 0
1706889726816 1123.5308628082275 0
1706889726895 1134.4591836929321 0
1706889726990 1145.3816194534302 0
1706889727090 1156.2004556655884 0
1706889727164 1166.9145069122314 0
1706889727238 1177.8095598220825 0
1706889727308 1188.5622005462646 0
1706889727382 1199.4134130477905 0
1706889727451 1210.1075973510742 0
1706889727524 1220.9046144485474 0
1706889727592 1231.6251201629639 0
1706889727664 1242.3686866760254 0
1706889727735 1253.1119928359985 0
1706889727810 1263.9818477630615 0
1706889727883 1274.8744401931763 0
1706889727960 1285.4839191436768 0
1706889728033 1296.2175035476685 0
1706889728105 1306.9248933792114 0
1706889728178 1317.8090600967407 0
1706889728256 1328.5739488601685 0
1706889728327 1339.293957710266 0
1706889728400 1349.9385824203491 0
1706889728471 1360.7678594589233 0
1706889728547 1371.6392860412598 0
1706889728616 1382.4040756225586 0
1706889728692 1393.1599006652832 0
1706889728763 1403.9744939804077 0
1706889728837 1414.8513565063477 0
1706889728912 1425.548243522644 0
1706889728985 1436.3996410369873 0
1706889729052 1447.2709655761719 0
1706889729126 1458.0264377593994 0
1706889729197 1468.8583354949951 0
1706889729273 1479.6465864181519 0
1706889729350 1490.5154247283936 0
1706889729426 1501.2893352508545 0
1706889729497 1512.1910676956177 0
1706889729570 1522.9853439331055 0
1706889729641 1533.886589050293 0
1706889729715 1544.5804443359375 0
1706889729791 1555.3455123901367 0
1706889729871 1566.075894355774 0
1706889729953 1576.862177848816 0
1706889730034 1587.588981628418 0
1706889730109 1598.3678312301636 0
1706889730183 1609.1811695098877 0
1706889730256 1619.8435335159302 0
1706889730332 1630.6783781051636 0
1706889730413 1641.555911064148 0
1706889730502 1652.3528099060059 0
1706889730578 1663.0875806808472 0
1706889730650 1674.0219202041626 0
1706889730724 1684.8985233306885 0
1706889730808 1695.7088642120361 0
1706889730886 1706.4301490783691 0
1706889730967 1717.2872400283813 0
1706889731045 1728.0518674850464 0
1706889731129 1738.830554008484 0
1706889731219 1749.5680685043335 0
1706889731303 1760.5524606704712 0
1706889731387 1771.360055923462 0
1706889731473 1782.1859941482544 0
1706889731558 1793.0364274978638 0
1706889731648 1803.7230625152588 0
1706889731726 1814.5029745101929 0
1706889731808 1825.2603549957275 0
1706889731891 1835.9349508285522 0
1706889731976 1846.713719367981 0
1706889732057 1857.4735555648804 0
1706889732141 1868.270637512207 0
1706889732224 1878.9499187469482 0
1706889732303 1889.737956047058 0
1706889732375 1900.4671115875244 0
1706889732453 1911.2273988723755 0
1706889732527 1922.1071119308472 0
1706889732605 1932.989052772522 0
1706889732683 1943.868769645691 0
1706889732766 1954.647873878479 0
1706889732847 1965.290747642517 0
1706889732931 1976.0159358978271 0
1706889733008 1986.7739248275757 0
1706889733094 1997.4811658859253 0
1706889733167 2008.3109855651855 0
1706889733246 2019.0426578521729 0
1706889733322 2029.8996953964233 0
1706889733402 2040.693871498108 0
1706889733483 2051.4129123687744 0
1706889733563 2062.115791320801 0
1706889733643 2072.937970161438 0
1706889733728 2083.7572736740112 0
1706889733808 2094.630156517029 0
1706889733889 2105.362036705017 0
1706889733973 2116.3368577957153 0
1706889734059 2127.0840005874634 0
1706889734139 2137.7838287353516 0
1706889734214 2148.536177635193 0
1706889734290 2159.373335838318 0
1706889734364 2170.3429384231567 0
1706889734435 2181.1336431503296 0
1706889734509 2191.9220600128174 0
1706889734584 2202.685043334961 0
1706889734659 2213.45556640625 0
1706889734734 2224.221848487854 0
1706889734815 2234.9949617385864 0
1706889734893 2245.744565963745 0
1706889734972 2256.482089996338 0
1706889735049 2267.155451774597 0
1706889735169 2277.893299102783 0
1706889735259 2288.6128120422363 0
1706889735337 2299.2534170150757 0
1706889735415 2310.11278629303 0
1706889735496 2320.8161334991455 0
1706889735576 2331.373803138733 0
1706889735659 2342.144673347473 0
1706889735737 2352.861227989197 0
1706889735814 2363.701132774353 0
1706889735887 2374.491856575012 0
1706889735963 2385.247205734253 0
1706889736036 2396.076057434082 0
1706889736111 2406.9068937301636 0
1706889736190 2417.715147972107 0
1706889736273 2428.468686103821 0
1706889736355 2439.267071723938 0
1706889736443 2450.1034059524536 0
1706889736516 2460.8943843841553 0
1706889736589 2471.755474090576 0
1706889736660 2482.493941307068 0
1706889736735 2493.3904485702515 0
1706889736809 2504.104747772217 0
1706889736889 2514.9526710510254 0
1706889736962 2525.612283706665 0
1706889737033 2536.547577857971 0
1706889737108 2547.3531379699707 0
1706889737180 2558.09649848938 0
1706889737253 2568.9454526901245 0
1706889737329 2579.8507289886475 0
1706889737408 2590.556463241577 0
1706889737488 2601.314330101013 0
1706889737567 2612.0605154037476 0
1706889737645 2622.9253787994385 0
1706889737722 2633.668007850647 0
1706889737798 2644.51371383667 0
1706889737867 2655.4793434143066 0
1706889737938 2666.222972869873 0
1706889738009 2676.975037574768 0
1706889738081 2687.794439315796 0
1706889738153 2698.679135322571 0
1706889738234 2709.470129966736 0
1706889738315 2720.396098136902 0
1706889738397 2731.147470474243 0
1706889738473 2741.8810119628906 0
1706889738550 2752.6074266433716 0
1706889738619 2763.4225692749023 0
1706889738692 2774.250394821167 0
1706889738768 2785.0593280792236 0
1706889738844 2795.911308288574 0
1706889738918 2806.751928329468 0
1706889738998 2817.6409826278687 0
1706889739075 2828.4104223251343 0
1706889739154 2839.1811208724976 0
1706889739231 2849.8839235305786 0
1706889739313 2860.6570739746094 0
1706889739391 2871.3784103393555 0
1706889739473 2882.2906999588013 0
1706889739555 2892.975540161133 0
1706889739634 2903.758439064026 0
1706889739713 2914.4369802474976 0
1706889739796 2925.320894241333 0
1706889739872 2936.1280603408813 0
1706889739948 2946.8696212768555 0
1706889740018 2957.666750907898 0
1706889740092 2968.4788846969604 0
1706889740161 2979.3318548202515 0
1706889740232 2990.080909729004 0
1706889740305 3000.928813934326 0
1706889740376 3011.748251914978 0
1706889740445 3022.654067993164 0
1706889740516 3033.3114128112793 0
1706889740588 3043.938751220703 0
1706889740674 3054.7158918380737 0
1706889740756 3065.5722312927246 0
1706889740836 3076.4600343704224 0
1706889740914 3087.2521800994873 0
1706889740992 3098.2115201950073 0
1706889741073 3109.030255317688 0
1706889741151 3119.8516998291016 0
1706889741230 3130.6684427261353 0
1706889741308 3141.581798553467 0
1706889741383 3152.3347492218018 0
1706889741455 3163.035614013672 0
1706889741524 3173.754629135132 0
1706889741595 3184.5987453460693 0
1706889741663 3195.337327003479 0
1706889741737 3206.0168647766113 0
1706889741811 3216.8088722229004 0
1706889741885 3227.6403608322144 0
1706889741954 3238.350004196167 0
1706889742027 3249.1619157791138 0
1706889742096 3259.9217348098755 0
1706889742172 3270.8284435272217 0
1706889742266 3281.664813041687 0
1706889742353 3292.529495239258 0
1706889742428 3303.3962726593018 0
1706889742506 3314.1752166748047 0
1706889742577 3324.9385328292847 0
1706889742651 3335.795530319214 0
1706889742723 3346.6318378448486 0
1706889742800 3357.3966217041016 0
1706889742872 3368.1639280319214 0
1706889742948 3379.0448446273804 0
1706889743019 3389.8914184570312 0
1706889743090 3400.6324729919434 0
1706889743190 3411.4062242507935 0
1706889743285 3422.193205833435 0
1706889743363 3432.8167152404785 0
1706889743443 3443.610836982727 0
1706889743517 3454.5301961898804 0
1706889743595 3465.3717374801636 0
1706889743671 3476.09286403656 0
1706889743769 3486.850749015808 0
1706889743873 3497.649627685547 0
1706889743959 3508.594952583313 0
1706889744041 3519.36141872406 0
1706889744122 3530.1932039260864 0
1706889744195 3541.0187768936157 0
1706889744280 3551.792265892029 0
1706889744364 3562.529435157776 0
1706889744445 3573.1890621185303 0
1706889744521 3583.8747968673706 0
1706889744597 3594.7147722244263 0
1706889744670 3605.4967584609985 0
1706889744753 3616.315598487854 0
1706889744824 3627.0739459991455 0
1706889744895 3637.9548873901367 0
1706889744965 3648.715886116028 0
1706889745040 3659.505566596985 0
1706889745120 3670.244469642639 0
1706889745194 3681.0402183532715 0
1706889745266 3691.878381729126 0
1706889745347 3702.7388038635254 0
1706889745421 3713.5461282730103 0
1706889745495 3724.347198486328 0
1706889745569 3735.141345977783 0
1706889745645 3745.930034637451 0
1706889745719 3756.771966934204 0
1706889745796 3767.5078773498535 0
1706889745870 3778.2530698776245 0
1706889745947 3789.0347871780396 0
1706889746021 3799.7568864822388 0
1706889746095 3810.516948699951 0
1706889746170 3821.3041563034058 0
1706889746253 3832.098400115967 0
1706889746325 3842.849687576294 0
1706889746396 3853.5886068344116 0
1706889746465 3864.2628479003906 0
1706889746539 3874.996048927307 0
1706889746612 3885.764295578003 0
1706889746688 3896.4978857040405 0
1706889746779 3907.3381490707397 0
1706889746859 3918.0873851776123 0
1706889746928 3928.8217515945435 0
1706889747030 3939.5776681900024 0
1706889747100 3950.386876106262 0
1706889747171 3961.1930780410767 0
1706889747242 3971.840810775757 0
1706889747320 3982.746735572815 0
1706889747392 3993.542261123657 0
1706889747463 4004.285348892212 0
1706889747530 4015.1529998779297 0
1706889747601 4026.074842453003 0
1706889747669 4036.9366970062256 0
1706889747740 4047.602301597595 0
1706889747806 4058.4579010009766 0
1706889747879 4069.0768642425537 0
1706889747948 4079.8575763702393 0
1706889748020 4090.624652862549 0
1706889748087 4101.292104721069 0
1706889748157 4111.999397277832 0
1706889748230 4122.874621391296 0
1706889748301 4133.550937652588 0
1706889748370 4144.369927406311 0
1706889748447 4155.1827936172485 0
1706889748519 4165.910569190979 0
1706889748590 4176.712055206299 0
1706889748660 4187.537495613098 0
1706889748730 4198.263803482056 0
1706889748800 4209.1319036483765 0
1706889748874 4219.8783321380615 0
1706889748944 4230.7876653671265 0
1706889749017 4241.466764450073 0
1706889749087 4252.335074424744 0
1706889749158 4263.029016494751 0
1706889749226 4273.974315643311 0
1706889749297 4284.715929985046 0
1706889749367 4295.501087188721 0
1706889749442 4306.353000640869 0
1706889749514 4317.093019485474 0
1706889749593 4327.910480499268 0
1706889749662 4338.698058128357 0
1706889749732 4349.527166366577 0
1706889749799 4360.277959823608 0
1706889749871 4370.983529090881 0
1706889749939 4381.742575645447 0
1706889750011 4392.591519355774 0
1706889750078 4403.436222076416 0
1706889750152 4414.228202819824 0
1706889750220 4425.114365577698 0
1706889750293 4435.853048324585 0
1706889750361 4446.590371131897 0
1706889750434 4457.299767494202 0
1706889750503 4467.994400024414 0
1706889750574 4478.763822555542 0
1706889750652 4489.595123291016 0
1706889750724 4500.430958747864 0
1706889750794 4511.229911804199 0
1706889750865 4521.870718955994 0
1706889750935 4532.752662658691 0
1706889751008 4543.497990608215 0
1706889751076 4554.302266120911 0
1706889751148 4564.999112129211 0
1706889751216 4575.974356651306 0
1706889751294 4586.77294921875 0
1706889751363 4597.669788360596 0
1706889751437 4608.4117250442505 0
1706889751507 4619.14093208313 0
1706889751576 4629.976085662842 0
1706889751648 4640.668222427368 0
1706889751721 4651.398482322693 0
1706889751796 4662.433735847473 0
1706889751868 4673.146370887756 0
1706889751940 4683.9438762664795 0
1706889752015 4694.805094718933 0
1706889752084 4705.47262096405 0
1706889752154 4716.1860818862915 0
1706889752223 4726.930881500244 0
1706889752294 4737.736336708069 0
1706889752365 4748.545638084412 0
1706889752437 4759.283076286316 0
1706889752507 4770.092971801758 0
1706889752582 4780.854508399963 0
1706889752655 4791.711679458618 0
1706889752784 4802.453811645508 0
1706889752863 4812.9609117507935 0
1706889752935 4823.726090431213 0
1706889753006 4834.427586555481 0
1706889753078 4845.280414581299 0
1706889753148 4855.912858963013 0
1706889753219 4866.779034614563 0
1706889753291 4877.547123908997 0
1706889753368 4888.397673606873 0
1706889753436 4899.268759727478 0
1706889753505 4910.1451959609985 0
1706889753576 4920.988461494446 0
1706889753646 4931.844481468201 0
1706889753718 4942.639415740967 0
1706889753791 4953.478679656982 0
1706889753859 4964.205965042114 0
1706889753934 4975.028489112854 0
1706889754007 4985.778324127197 0
1706889754081 4996.49949836731 0
1706889754155 5007.25465965271 0
1706889754227 5018.028485298157 0
1706889754296 5028.8468542099 0
1706889754367 5039.726642608643 0
1706889754438 5050.499300003052 0
1706889754510 5061.308886528015 0
1706889754577 5072.220432281494 0
1706889754651 5082.935297966003 0
1706889754719 5093.618184089661 0
1706889754789 5104.399151802063 0
1706889754858 5115.09325504303 0
1706889754927 5125.878438949585 0
1706889754995 5136.486324310303 0
1706889755074 5147.333836555481 0
1706889755144 5158.028373718262 0
1706889755216 5168.923810005188 0
1706889755285 5179.676433563232 0
1706889755358 5190.440128326416 0
1706889755428 5201.332798957825 0
1706889755497 5212.149496078491 0
1706889755568 5222.878437995911 0
1706889755637 5233.5535364151 0
1706889755704 5244.390486717224 0
1706889755778 5255.153861999512 0
1706889755846 5266.029622077942 0
1706889755917 5276.857132911682 0
1706889755986 5287.674139022827 0
1706889756055 5298.465180397034 0
1706889756127 5309.197267532349 0
1706889756203 5320.103744506836 0
1706889756271 5330.848046302795 0
1706889756344 5341.671443939209 0
1706889756413 5352.447381019592 0
1706889756485 5363.188834190369 0
1706889756556 5373.994088172913 0
1706889756626 5384.814244270325 0
1706889756693 5395.514652252197 0
1706889756765 5406.23073387146 0
1706889756837 5416.916277885437 0
1706889756911 5427.705604553223 0
1706889756983 5438.412469863892 0
1706889757065 5449.199750900269 0
1706889757133 5459.928298950195 0
1706889757223 5470.665541648865 0
1706889757301 5481.4211769104 0
1706889757375 5492.291935920715 0
1706889757444 5503.10862827301 0
1706889757516 5513.8051500320435 0
1706889757587 5524.462215423584 0
1706889757659 5535.239565849304 0
1706889757729 5546.066568374634 0
1706889757801 5556.924448013306 0
1706889757869 5567.820652008057 0
1706889757940 5578.6810665130615 0
1706889758007 5589.445576667786 0
1706889758081 5600.3858852386475 0
1706889758149 5611.196140289307 0
1706889758218 5622.002048492432 0
1706889758287 5632.686602592468 0
1706889758369 5643.355444908142 0
1706889758443 5654.229156494141 0
1706889758513 5665.09787940979 0
1706889758581 5675.918565750122 0
1706889758654 5686.624272346497 0
1706889758725 5697.377371788025 0
1706889758798 5708.189435958862 0
1706889758865 5718.913090705872 0
1706889758939 5729.842940330505 0
1706889759008 5740.59379196167 0
1706889759079 5751.446475028992 0
1706889759148 5762.233020782471 0
1706889759217 5773.019157409668 0
1706889759288 5783.742418289185 0
1706889759363 5794.609859466553 0
1706889759431 5805.363609313965 0
1706889759503 5816.144387245178 0
1706889759577 5827.023143768311 0
1706889759648 5837.827159881592 0
1706889759720 5848.418935775757 0
1706889759788 5859.144965171814 0
1706889759858 5869.853534698486 0
1706889759928 5880.679608345032 0
1706889759998 5891.426893234253 0
1706889760069 5902.053000450134 0
1706889760137 5912.937304496765 0
1706889760210 5923.835062980652 0
1706889760277 5934.511659622192 0
1706889760348 5945.35244846344 0
1706889760419 5956.171813011169 0
1706889760511 5967.028427124023 0
1706889760583 5977.8032331466675 0
1706889760662 5988.600249290466 0
1706889760734 5999.391577720642 0
1706889760808 6010.325706481934 0
1706889760878 6021.049500465393 0
1706889760954 6031.780401229858 0
1706889761027 6042.45011806488 0
1706889761100 6053.091935157776 0
1706889761167 6063.943600654602 0
1706889761238 6074.739175796509 0
1706889761335 6085.353385925293 0
1706889761412 6096.170551300049 0
1706889761488 6106.976293563843 0
1706889761563 6117.626779556274 0
1706889761633 6128.336382865906 0
1706889761705 6139.103445053101 0
1706889761779 6149.723402023315 0
1706889761855 6160.509473800659 0
1706889761923 6171.224894523621 0
1706889761993 6181.9535779953 0
1706889762061 6192.7857837677 0
1706889762132 6203.5815896987915 0
1706889762200 6214.391839981079 0
1706889762321 6225.098214149475 0
1706889762390 6235.829391479492 0
1706889762460 6246.617208480835 0
1706889762526 6257.379658699036 0
1706889762596 6268.28594493866 0
1706889762663 6279.010484695435 0
1706889762733 6289.751063346863 0
1706889762800 6300.442578315735 0
1706889762876 6311.362195014954 0
1706889762965 6322.119294166565 0
1706889763089 6332.853575706482 0
1706889763158 6343.719940185547 0
1706889763228 6354.627333641052 0
1706889763295 6365.3894329071045 0
1706889763370 6376.092356681824 0
1706889763441 6386.856366157532 0
1706889763510 6397.558306694031 0
1706889763578 6408.383140563965 0
1706889763647 6419.255577087402 0
1706889763715 6430.091346740723 0
1706889763786 6440.8203773498535 0
1706889763857 6451.628331184387 0
1706889763929 6462.331223487854 0
1706889764001 6473.247586250305 0
1706889764072 6483.98676109314 0
1706889764141 6494.773391723633 0
1706889764215 6505.573296546936 0
1706889764284 6516.3226146698 0
1706889764355 6527.12303352356 0
1706889764429 6537.931609153748 0
1706889764502 6548.707344055176 0
1706889764570 6559.514653205872 0
1706889764642 6570.343636512756 0
1706889764710 6581.060433387756 0
1706889764785 6591.778714179993 0
1706889764853 6602.602200508118 0
1706889764924 6613.423316001892 0
1706889764992 6624.233434677124 0
1706889765069 6635.021202087402 0
1706889765140 6645.719407081604 0
1706889765212 6656.417101860046 0
1706889765283 6667.1165227890015 0
1706889765354 6677.833978652954 0
1706889765421 6688.647176742554 0
1706889765491 6699.455425262451 0
1706889765558 6710.279641151428 0
1706889765627 6721.08438873291 0
1706889765700 6731.91970539093 0
1706889765771 6742.7374448776245 0
1706889765841 6753.587796211243 0
1706889765913 6764.4027490615845 0
1706889765982 6775.144965171814 0
1706889766054 6785.835349082947 0
1706889766125 6796.4978723526 0
1706889766197 6807.225978851318 0
1706889766272 6818.016023635864 0
1706889766347 6828.917448997498 0
1706889766416 6839.60122013092 0
1706889766488 6850.302249908447 0
1706889766558 6861.107283592224 0
1706889766629 6871.741026878357 0
1706889766698 6882.492943763733 0
1706889766769 6893.331130027771 0
1706889766838 6904.174609184265 0
1706889766910 6914.948078155518 0
1706889766980 6925.810506820679 0
1706889767053 6936.642369270325 0
1706889767127 6947.4207010269165 0
1706889767200 6958.1327447891235 0
1706889767282 6968.936557769775 0
1706889767363 6979.768795013428 0
1706889767433 6990.485157966614 0
1706889767502 7001.154767036438 0
1706889767570 7012.013614654541 0
1706889767642 7022.933895111084 0
1706889767713 7033.751171112061 0
1706889767782 7044.522944450378 0
1706889767854 7055.223394393921 0
1706889767923 7065.920350074768 0
1706889767990 7076.764985084534 0
1706889768070 7087.449975013733 0
1706889768142 7098.339436531067 0
1706889768212 7109.1475076675415 0
1706889768283 7119.889449119568 0
1706889768354 7130.72184753418 0
1706889768432 7141.562588691711 0
1706889768509 7152.308960914612 0
1706889768577 7162.990275382996 0
1706889768649 7173.737914085388 0
1706889768716 7184.508543014526 0
1706889768786 7195.315614700317 0
1706889768859 7206.143176078796 0
1706889768931 7216.791301727295 0
1706889768997 7227.6115980148315 0
1706889769066 7238.432825088501 0
1706889769134 7249.135231971741 0
1706889769206 7260.0234375 0
1706889769277 7270.673686027527 0
1706889769346 7281.454959869385 0
1706889769418 7292.288983345032 0
1706889769493 7303.066198348999 0
1706889769562 7313.823975563049 0
1706889769643 7324.490466117859 0
1706889769727 7335.171955108643 0
1706889769798 7345.9231033325195 0
1706889769868 7356.722345352173 0
1706889769943 7367.628333091736 0
1706889770012 7378.408130645752 0
1706889770082 7389.225820541382 0
1706889770151 7400.0450983047485 0
1706889770222 7410.97612953186 0
1706889770293 7421.697036743164 0
1706889770364 7432.52269077301 0
1706889770438 7443.3304271698 0
1706889770508 7454.18315410614 0
1706889770577 7464.979850769043 0
1706889770647 7475.81063747406 0
1706889770720 7486.526970863342 0
1706889770793 7497.412329673767 0
1706889770859 7508.281610488892 0
1706889770929 7519.039115905762 0
1706889770996 7529.731351852417 0
1706889771069 7540.449396133423 0
1706889771142 7551.02312374115 0
1706889771211 7561.77622127533 0
1706889771282 7572.614887237549 0
1706889771352 7583.320084571838 0
1706889771419 7594.188696861267 0
1706889771495 7605.018421173096 0
1706889771562 7615.685685157776 0
1706889771632 7626.555992126465 0
1706889771698 7637.234083175659 0
1706889771771 7647.924386978149 0
1706889771844 7658.707446098328 0
1706889771916 7669.462438583374 0
1706889771986 7680.220376968384 0
1706889772055 7691.044473648071 0
1706889772124 7701.730810165405 0
1706889772194 7712.412001609802 0
1706889772260 7723.150768280029 0
1706889772333 7733.920554161072 0
1706889772400 7744.750895500183 0
1706889772471 7755.409845352173 0
1706889772543 7766.2080364227295 0
1706889772655 7776.879294395447 0
1706889772721 7787.566932678223 0
1706889772793 7798.175514221191 0
1706889772860 7809.063281059265 0
1706889772939 7819.813976287842 0
1706889773050 7830.652719497681 0
1706889773231 7841.438671112061 0
1706889773303 7852.144714355469 0
1706889773374 7862.842343330383 0
1706889773445 7873.7705545425415 0
1706889773518 7884.653709411621 0
1706889773587 7895.497517585754 0
1706889773658 7906.334120750427 0
1706889773725 7917.173175811768 0
1706889773798 7927.988561630249 0
1706889773867 7938.841366767883 0
1706889773936 7949.491597175598 0
1706889774004 7960.274343490601 0
1706889774078 7971.028420448303 0
1706889774147 7981.816254615784 0
1706889774219 7992.497840881348 0
1706889774289 8003.2912883758545 0
1706889774366 8014.07745552063 0
1706889774435 8024.875001907349 0
1706889774505 8035.54803276062 0
1706889774574 8046.339413642883 0
1706889774643 8057.093553543091 0
1706889774713 8067.855843544006 0
1706889774784 8078.662406921387 0
1706889774851 8089.4448528289795 0
1706889774923 8100.210465431213 0
1706889774991 8110.897555351257 0
1706889775062 8121.589968681335 0
1706889775134 8132.464000701904 0
1706889775209 8143.284397125244 0
1706889775280 8154.1032609939575 0
1706889775350 8164.767872810364 0
1706889775418 8175.54118347168 0
1706889775494 8186.27735710144 0
1706889775561 8197.022749900818 0
1706889775631 8207.737454414368 0
1706889775697 8218.54400062561 0
1706889775768 8229.292944908142 0
1706889775844 8240.082154273987 0
1706889775926 8250.842629432678 0
1706889776002 8261.590094566345 0
1706889776080 8272.463581085205 0
1706889776154 8283.229886054993 0
1706889776235 8293.929830551147 0
1706889776320 8304.68754863739 0
1706889776408 8315.373783111572 0
1706889776484 8326.121532440186 0
1706889776579 8336.959818840027 0
1706889776654 8347.71961402893 0
1706889776731 8358.580704689026 0
1706889776807 8369.465189933777 0
1706889776883 8380.166147232056 0
1706889776961 8391.064500808716 0
1706889777066 8401.82430934906 0
1706889777148 8412.572546958923 0
1706889777220 8423.267637252808 0
1706889777287 8433.955024719238 0
1706889777359 8444.8547372818 0
1706889777450 8455.781616210938 0
1706889777535 8466.599287986755 0
1706889777607 8477.345362663269 0
1706889777683 8488.119041442871 0
1706889777757 8498.881432533264 0
1706889777829 8509.73904132843 0
1706889777903 8520.500604629517 0
1706889778016 8531.277153968811 0
1706889778086 8542.21593952179 0
1706889778162 8552.974760055542 0
1706889778236 8563.662430763245 0
1706889778314 8574.337387084961 0
1706889778391 8585.165182113647 0
1706889778471 8595.913607597351 0
1706889778551 8606.645071983337 0
1706889778636 8617.433610916138 0
1706889778710 8628.19423866272 0
1706889778783 8638.828662872314 0
1706889778856 8649.630314826965 0
1706889778933 8660.433476448059 0
1706889779007 8671.193753242493 0
1706889779078 8681.878853797913 0
1706889779147 8692.716884613037 0
1706889779219 8703.548518180847 0
1706889779292 8714.252829551697 0
1706889779368 8724.958187103271 0
1706889779436 8735.78251838684 0
1706889779508 8746.485624313354 0
1706889779576 8757.230998039246 0
1706889779662 8768.007152557373 0
1706889779737 8778.875296592712 0
1706889779818 8789.667998313904 0
1706889779888 8800.38516330719 0
1706889779965 8811.111478805542 0
1706889780025 8821.907355308533 0
1706889780148 10.860311508178711 0
1706889780241 21.62258243560791 0
1706889780316 32.4205436706543 0
1706889780399 43.1571741104126 0
1706889780485 53.91178226470947 0
1706889780558 64.62141227722168 0
1706889780634 75.5986099243164 0
1706889780705 86.40058422088623 0
1706889780779 97.00854587554932 0
1706889780854 107.6919994354248 0
1706889780936 118.4328088760376 0
1706889781023 129.21821212768555 0
1706889781103 139.98784065246582 0
1706889781186 150.8547010421753 0
1706889781276 161.5932264328003 0
1706889781360 172.50181102752686 0
1706889781460 183.28383541107178 0
1706889781562 194.09983253479004 0
1706889781662 204.82938480377197 0
1706889781736 215.58193492889404 0
1706889781810 226.24486637115479 0
1706889781884 236.9490852355957 0
1706889781964 247.6750078201294 0
1706889782043 258.36405754089355 0
1706889782140 269.0568742752075 0
1706889782222 279.7577791213989 0
1706889782301 290.5042209625244 0
1706889782375 301.217791557312 0
1706889782454 311.99223041534424 0
1706889782527 322.8092288970947 0
1706889782603 333.62732696533203 0
1706889782687 344.37436866760254 0
1706889782798 355.19694900512695 0
1706889782868 365.9628744125366 0
1706889782939 376.7339897155762 0
1706889783006 387.5813798904419 0
1706889783080 398.2749786376953 0
1706889783151 409.01935482025146 0
1706889783221 419.8226022720337 0
1706889783289 430.6288175582886 0
1706889783359 441.46276664733887 0
1706889783433 452.26943588256836 0
1706889783541 462.95112895965576 0
1706889783615 473.70498752593994 0
1706889783700 484.40956020355225 0
1706889783774 495.3202819824219 0
1706889783851 506.0082063674927 0
1706889783930 516.7660074234009 0
1706889784016 527.4922018051147 0
1706889784103 538.417140007019 0
1706889784191 549.269100189209 0
1706889784279 560.0134372711182 0
1706889784366 570.8833856582642 0
1706889784442 581.5652856826782 0
1706889784523 592.2599334716797 0
1706889784597 603.0151081085205 0
1706889784671 613.7273950576782 0
1706889784743 624.5937261581421 0
1706889784814 635.4040660858154 0
1706889784883 646.0791902542114 0
1706889784955 656.8662586212158 0
1706889785024 667.665976524353 0
1706889785097 678.4221620559692 0
1706889785165 689.2827959060669 0
1706889785238 700.0538654327393 0
1706889785307 710.8633480072021 0
1706889785386 721.7110691070557 0
1706889785458 732.5628471374512 0
1706889785532 743.3014326095581 0
1706889785608 753.9458780288696 0
1706889785680 764.6850385665894 0
1706889785749 775.4834136962891 0
1706889785821 786.1740655899048 0
1706889785896 796.8437051773071 0
1706889785968 807.605634689331 0
1706889786118 818.4595918655396 0
1706889786190 829.1631383895874 0
1706889786259 839.9768648147583 0
1706889786331 850.8915662765503 0
1706889786400 861.7777423858643 0
1706889786476 872.6845941543579 0
1706889786549 883.6026039123535 0
1706889786624 894.411229133606 0
1706889786694 905.2280197143555 0
1706889786767 915.8768301010132 0
1706889786838 926.5264482498169 0
1706889786910 937.3550930023193 0
1706889786984 948.1993045806885 0
1706889787053 958.8724279403687 0
1706889787121 969.4861268997192 0
1706889787195 980.1558208465576 0
1706889787262 990.9023637771606 0
1706889787337 1001.6760501861572 0
1706889787409 1012.474102973938 0
1706889787483 1023.2148189544678 0
1706889787558 1033.9361686706543 0
1706889787638 1044.5953826904297 0
1706889787707 1055.3065204620361 0
1706889787781 1066.086688041687 0
1706889787867 1076.8225173950195 0
1706889787943 1087.5572891235352 0
1706889788012 1098.3088598251343 0
1706889788085 1109.0454902648926 0
1706889788152 1119.7958908081055 0
1706889788224 1130.5312309265137 0
1706889788292 1141.2229309082031 0
1706889788367 1151.9247035980225 0
1706889788436 1162.6800756454468 0
1706889788507 1173.4852886199951 0
1706889788578 1184.2741680145264 0
1706889788650 1195.0558919906616 0
1706889788725 1205.8791780471802 0
1706889788799 1216.5624513626099 0
1706889788866 1227.3414192199707 0
1706889788938 1238.0925979614258 0
1706889789007 1248.9805183410645 0
1706889789080 1259.8155975341797 0
1706889789149 1270.4667682647705 0
1706889789218 1281.2309494018555 0
1706889789285 1291.9421291351318 0
1706889789354 1302.842233657837 0
1706889789422 1313.7265224456787 0
1706889789494 1324.4830980300903 0
1706889789562 1335.176438331604 0
1706889789633 1345.8943309783936 0
1706889789700 1356.8591318130493 0
1706889789771 1367.6599550247192 0
1706889789843 1378.4922742843628 0
1706889789915 1389.2477207183838 0
1706889789984 1400.0018482208252 0
1706889790055 1410.836501121521 0
1706889790126 1421.6713314056396 0
1706889790199 1432.6034383773804 0
1706889790269 1443.4024543762207 0
1706889790341 1454.2838983535767 0
1706889790408 1465.0546789169312 0
1706889790482 1475.7697591781616 0
1706889790552 1486.4411125183105 0
1706889790625 1497.159559249878 0
1706889790696 1507.9910440444946 0
1706889790769 1518.7490453720093 0
1706889790841 1529.4901285171509 0
1706889790917 1540.2964181900024 0
1706889790991 1551.0663623809814 0
1706889791066 1561.8129472732544 0
1706889791136 1572.5671100616455 0
1706889791212 1583.410638809204 0
1706889791282 1594.0812673568726 0
1706889791353 1604.9322204589844 0
1706889791424 1615.666708946228 0
1706889791496 1626.3611373901367 0
1706889791565 1637.1013431549072 0
1706889791638 1647.7702178955078 0
1706889791712 1658.512240409851 0
1706889791783 1669.1062078475952 0
1706889791854 1679.9422178268433 0
1706889791926 1690.787257194519 0
1706889791997 1701.595377922058 0
1706889792076 1712.2776737213135 0
1706889792149 1723.0330085754395 0
1706889792223 1733.8377895355225 0
1706889792293 1744.5580606460571 0
1706889792363 1755.2698383331299 0
1706889792434 1766.0395946502686 0
1706889792509 1776.890817642212 0
1706889792580 1787.523141860962 0
1706889792655 1798.133071899414 0
1706889792726 1808.879602432251 0
1706889792800 1819.453851699829 0
1706889792869 1830.2155570983887 0
1706889792945 1840.9192628860474 0
1706889793022 1851.5941734313965 0
1706889793127 1862.3737230300903 0
1706889793222 1873.0603637695312 0
1706889793305 1883.7845649719238 0
1706889793392 1894.6048374176025 0
1706889793474 1905.3518228530884 0
1706889793546 1916.1800680160522 0
1706889793620 1926.84370803833 0
1706889793691 1937.6587181091309 0
1706889793796 1948.406865119934 0
1706889793866 1959.1283884048462 0
1706889793951 1969.9103746414185 0
1706889794020 1980.581735610962 0
1706889794102 1991.2868041992188 0
1706889794173 2002.0832967758179 0
1706889794250 2012.8950834274292 0
1706889794323 2023.731575012207 0
1706889794403 2034.6100368499756 0
1706889794474 2045.3318138122559 0
1706889794553 2056.0801696777344 0
1706889794623 2066.905442237854 0
1706889794697 2077.711374282837 0
1706889794770 2088.483444213867 0
1706889794842 2099.256999015808 0
1706889794913 2109.979537963867 0
1706889794984 2120.7523431777954 0
1706889795053 2131.5138359069824 0
1706889795125 2142.2388467788696 0
1706889795195 2153.0821962356567 0
1706889795268 2163.8763847351074 0
1706889795343 2174.8010482788086 0
1706889795420 2185.5696229934692 0
1706889795492 2196.275860786438 0
1706889795569 2207.002963066101 0
1706889795640 2217.7859926223755 0
1706889795710 2228.505648612976 0
1706889795781 2239.2548236846924 0
1706889795853 2250.0160217285156 0
1706889795923 2260.745659828186 0
1706889795994 2271.435956954956 0
1706889796066 2282.238178253174 0
1706889796141 2293.07107257843 0
1706889796213 2303.856771469116 0
1706889796284 2314.6482439041138 0
1706889796355 2325.2903900146484 0
1706889796429 2336.1432781219482 0
1706889796507 2346.8184204101562 0
1706889796582 2357.53830909729 0
1706889796659 2368.3307361602783 0
1706889796734 2378.991820335388 0
1706889796807 2389.6752548217773 0
1706889796877 2400.448492050171 0
1706889796948 2411.1720066070557 0
1706889797025 2422.0340032577515 0
1706889797094 2432.916247367859 0
1706889797167 2443.556502342224 0
1706889797237 2454.399048805237 0
1706889797309 2465.085856437683 0
1706889797383 2475.9637298583984 0
1706889797457 2486.8122663497925 0
1706889797526 2497.571298599243 0
1706889797600 2508.17352104187 0
1706889797675 2518.887671470642 0
1706889797747 2529.738794326782 0
1706889797817 2540.416700363159 0
1706889797887 2551.1484813690186 0
1706889797959 2561.8957805633545 0
1706889798037 2572.684006690979 0
1706889798111 2583.380241394043 0
1706889798191 2594.1988258361816 0
1706889798269 2604.977744102478 0
1706889798344 2615.7521839141846 0
1706889798420 2626.461561203003 0
1706889798497 2637.300449371338 0
1706889798573 2648.035918235779 0
1706889798656 2658.870810508728 0
1706889798730 2669.547333717346 0
1706889798817 2680.3096952438354 0
1706889798895 2691.004461288452 0
1706889798979 2701.6491746902466 0
1706889799059 2712.360486984253 0
1706889799140 2723.065529823303 0
1706889799220 2733.782341003418 0
1706889799293 2744.471366882324 0
1706889799371 2755.302309036255 0
1706889799458 2766.046411514282 0
1706889799533 2776.8908376693726 0
1706889799606 2787.5781621932983 0
1706889799675 2798.374955177307 0
1706889799749 2809.113561630249 0
1706889799824 2819.88436794281 0
1706889799906 2830.449076652527 0
1706889799982 2841.172863960266 0
1706889800060 2851.8947372436523 0
1706889800131 2862.6029205322266 0
1706889800206 2873.334915161133 0
1706889800274 2884.2021646499634 0
1706889800347 2895.0327405929565 0
1706889800416 2905.791379928589 0
1706889800490 2916.5837297439575 0
1706889800563 2927.3063859939575 0
1706889800646 2938.1716108322144 0
1706889800725 2948.8983392715454 0
1706889800803 2959.6496744155884 0
1706889800873 2970.5691175460815 0
1706889800952 2981.292649269104 0
1706889801036 2991.9775371551514 0
1706889801124 3002.6307497024536 0
1706889801195 3013.5258598327637 0
1706889801269 3024.340227127075 0
1706889801339 3035.095989227295 0
1706889801416 3045.871527671814 0
1706889801495 3056.6143016815186 0
1706889801573 3067.5425233840942 0
1706889801646 3078.3541164398193 0
1706889801728 3089.231159210205 0
1706889801801 3100.062169075012 0
1706889801873 3110.856177330017 0
1706889801943 3121.7610416412354 0
1706889802017 3132.5675048828125 0
1706889802087 3143.3979263305664 0
1706889802168 3154.062999725342 0
1706889802252 3164.709443092346 0
1706889802337 3175.475389480591 0
1706889802407 3186.3299283981323 0
1706889802481 3197.076162338257 0
1706889802561 3207.871642112732 0
1706889802634 3218.6387004852295 0
1706889802704 3229.2526721954346 0
1706889802780 3239.9302654266357 0
1706889802858 3250.6316633224487 0
1706889802931 3261.452802658081 0
1706889803004 3272.1461868286133 0
1706889803075 3282.9591131210327 0
1706889803145 3293.7983322143555 0
1706889803253 3304.5143489837646 0
1706889803326 3315.418614387512 0
1706889803405 3326.1354761123657 0
1706889803477 3336.877486228943 0
1706889803552 3347.591112136841 0
1706889803621 3358.37375831604 0
1706889803692 3369.2456665039062 0
1706889803760 3380.0336990356445 0
1706889803832 3390.8651971817017 0
1706889803903 3401.769172668457 0
1706889803981 3412.5805110931396 0
1706889804061 3423.4136896133423 0
1706889804136 3434.204737663269 0
1706889804207 3445.0790672302246 0
1706889804329 3455.7305908203125 0
1706889804406 3466.5357704162598 0
1706889804491 3477.3531074523926 0
1706889804570 3488.1728076934814 0
1706889804644 3498.8835802078247 0
1706889804715 3509.709813117981 0
1706889804787 3520.4424152374268 0
1706889804857 3531.201847076416 0
1706889804934 3542.0195388793945 0
1706889805007 3552.689818382263 0
1706889805086 3563.5137157440186 0
1706889805163 3574.2930660247803 0
1706889805237 3585.0119771957397 0
1706889805310 3595.779362678528 0
1706889805379 3606.611403465271 0
1706889805448 3617.3532905578613 0
1706889805521 3628.29004573822 0
1706889805604 3639.2637634277344 0
1706889805679 3649.8990716934204 0
1706889805748 3660.671884536743 0
1706889805820 3671.433075904846 0
1706889805888 3682.1302375793457 0
1706889805962 3692.9513177871704 0
1706889806030 3703.747435569763 0
1706889806102 3714.4961128234863 0
1706889806170 3725.252064704895 0
1706889806245 3735.989357948303 0
1706889806314 3746.7461729049683 0
1706889806386 3757.406219482422 0
1706889806456 3768.2753953933716 0
1706889806527 3778.966242790222 0
1706889806595 3789.81356716156 0
1706889806664 3800.635754585266 0
1706889806737 3811.4726696014404 0
1706889806812 3822.316990852356 0
1706889806879 3832.9999084472656 0
1706889806950 3843.8909120559692 0
1706889807055 3854.66512298584 0
1706889807148 3865.4814500808716 0
1706889807216 3876.1977529525757 0
1706889807286 3886.719530105591 0
1706889807354 3897.43731880188 0
1706889807424 3908.2151460647583 0
1706889807492 3919.087640762329 0
1706889807563 3929.770191192627 0
1706889807630 3940.5869131088257 0
1706889807709 3951.363310813904 0
1706889807784 3962.24697971344 0
1706889807869 3972.9631061553955 0
1706889807942 3983.6068725585938 0
1706889808011 3994.290648460388 0
1706889808080 4005.1161699295044 0
1706889808149 4015.9317026138306 0
1706889808216 4026.824242591858 0
1706889808285 4037.704092979431 0
1706889808353 4048.460234642029 0
1706889808426 4059.259599685669 0
1706889808497 4070.01492023468 0
1706889808576 4080.852381706238 0
1706889808643 4091.5290327072144 0
1706889808720 4102.3045082092285 0
1706889808793 4113.098834037781 0
1706889808864 4123.870140075684 0
1706889808939 4134.6360149383545 0
1706889809017 4145.347724914551 0
1706889809086 4155.888761520386 0
1706889809157 4166.59307384491 0
1706889809224 4177.36850643158 0
1706889809294 4188.326699256897 0
1706889809365 4199.219117164612 0
1706889809437 4209.956304550171 0
1706889809505 4220.710883140564 0
1706889809584 4231.4538860321045 0
1706889809659 4242.211528778076 0
1706889809737 4252.968729019165 0
1706889809810 4263.696312904358 0
1706889809890 4274.366064071655 0
1706889809965 4285.082865715027 0
1706889810042 4295.672933578491 0
1706889810119 4306.560654640198 0
1706889810193 4317.386022567749 0
1706889810263 4328.234823226929 0
1706889810339 4338.968018531799 0
1706889810412 4349.849370956421 0
1706889810490 4360.5394830703735 0
1706889810569 4371.18106842041 0
1706889810645 4381.969764709473 0
1706889810722 4392.631211280823 0
1706889810796 4403.245354652405 0
1706889810865 4413.9863929748535 0
1706889810937 4424.755149841309 0
1706889811003 4435.490705490112 0
1706889811086 4446.290427207947 0
1706889811160 4456.961848258972 0
1706889811240 4467.772875785828 0
1706889811318 4478.5959577560425 0
1706889811399 4489.444482803345 0
1706889811481 4500.2685289382935 0
1706889811565 4511.0355768203735 0
1706889811643 4521.819221496582 0
1706889811722 4532.572173118591 0
1706889811795 4543.1653881073 0
1706889811868 4553.96933555603 0
1706889811937 4564.744297981262 0
1706889812012 4575.491703033447 0
1706889812085 4586.359127044678 0
1706889812162 4597.15807723999 0
1706889812236 4607.918433189392 0
1706889812314 4618.679147720337 0
1706889812384 4629.454941749573 0
1706889812457 4640.282715797424 0
1706889812527 4651.095741271973 0
1706889812599 4661.857803344727 0
1706889812677 4672.591428756714 0
1706889812760 4683.411024093628 0
1706889812827 4694.135058403015 0
1706889812899 4704.721864700317 0
1706889812970 4715.4193868637085 0
1706889813040 4726.225099563599 0
1706889813114 4736.943511962891 0
1706889813193 4747.650762557983 0
1706889813264 4758.483967781067 0
1706889813336 4769.210077285767 0
1706889813409 4779.8964166641235 0
1706889813480 4790.503979682922 0
1706889813555 4801.28816986084 0
1706889813636 4812.072286605835 0
1706889813713 4822.741774559021 0
1706889813793 4833.622916221619 0
1706889813870 4844.417058944702 0
1706889813951 4855.1446142196655 0
1706889814024 4866.058362960815 0
1706889814095 4876.769021034241 0
1706889814163 4887.468099594116 0
1706889814232 4898.187187194824 0
1706889814299 4909.020462036133 0
1706889814368 4919.798716545105 0
1706889814439 4930.550413131714 0
1706889814518 4941.294466018677 0
1706889814593 4952.041097640991 0
1706889814668 4962.712014198303 0
1706889814738 4973.547829627991 0
1706889814812 4984.144578933716 0
1706889814882 4994.996246337891 0
1706889814953 5005.713584899902 0
1706889815058 5016.402593612671 0
1706889815138 5027.124731063843 0
1706889815217 5037.926810264587 0
1706889815292 5048.633277893066 0
1706889815364 5059.564767837524 0
1706889815440 5070.318088531494 0
1706889815541 5081.060282707214 0
1706889815619 5091.90590763092 0
1706889815685 5102.713335990906 0
1706889815754 5113.537260055542 0
1706889815822 5124.351263999939 0
1706889815893 5134.920328140259 0
1706889815963 5145.73260307312 0
1706889816036 5156.51503944397 0
1706889816107 5167.262901306152 0
1706889816178 5178.161596298218 0
1706889816246 5188.932293891907 0
1706889816314 5199.676018714905 0
1706889816382 5210.359483718872 0
1706889816454 5221.050539016724 0
1706889816522 5231.7688817977905 0
1706889816592 5242.509304046631 0
1706889816664 5253.292950630188 0
1706889816740 5264.2406940460205 0
1706889816808 5275.081859588623 0
1706889816878 5285.802010536194 0
1706889816948 5296.491084098816 0
1706889817018 5307.113613128662 0
1706889817085 5317.878754615784 0
1706889817160 5328.72404384613 0
1706889817227 5339.501598358154 0
1706889817300 5350.298699378967 0
1706889817368 5361.073987960815 0
1706889817438 5371.87958240509 0
1706889817505 5382.518334388733 0
1706889817577 5393.262807846069 0
1706889817653 5403.993381500244 0
1706889817733 5414.834060668945 0
1706889817817 5425.534257888794 0
1706889817896 5436.272376060486 0
1706889817966 5447.003848075867 0
1706889818038 5457.677538871765 0
1706889818106 5468.427402496338 0
1706889818176 5479.1813707351685 0
1706889818243 5489.914165496826 0
1706889818313 5500.660634994507 0
1706889818380 5511.215065956116 0
1706889818451 5521.919229507446 0
1706889818518 5532.610977172852 0
1706889818588 5543.418960571289 0
1706889818660 5554.2009563446045 0
1706889818729 5564.986975669861 0
1706889818796 5575.812999725342 0
1706889818869 5586.57186126709 0
1706889818941 5597.262431144714 0
1706889819013 5607.952968597412 0
1706889819087 5618.777856826782 0
1706889819169 5629.660015106201 0
1706889819241 5640.48711681366 0
1706889819316 5651.303706169128 0
1706889819383 5662.08603477478 0
1706889819453 5672.888418197632 0
1706889819520 5683.701113700867 0
1706889819590 5694.388256072998 0
1706889819662 5705.107545852661 0
1706889819734 5715.904841423035 0
1706889819803 5726.678575515747 0
1706889819872 5737.412313461304 0
1706889819940 5748.2607421875 0
1706889820017 5758.96567440033 0
1706889820095 5769.638868331909 0
1706889820172 5780.437092781067 0
1706889820246 5791.149680137634 0
1706889820320 5801.863831520081 0
1706889820388 5812.772605895996 0
1706889820459 5823.471520423889 0
1706889820528 5834.263520240784 0
1706889820602 5844.998405456543 0
1706889820668 5855.9323081970215 0
1706889820736 5866.804974555969 0
1706889820803 5877.473351478577 0
1706889820871 5888.216906547546 0
1706889820941 5898.969350814819 0
1706889821014 5909.66841506958 0
1706889821090 5920.311984062195 0
1706889821163 5931.117321968079 0
1706889821230 5941.867941856384 0
1706889821303 5952.537501335144 0
1706889821371 5963.306624412537 0
1706889821450 5973.921863555908 0
1706889821519 5984.4492111206055 0
1706889821589 5995.285066604614 0
1706889821661 6005.929889678955 0
1706889821731 6016.7015771865845 0
1706889821797 6027.4667110443115 0
1706889821868 6038.155721664429 0
1706889821940 6048.88053894043 0
1706889822011 6059.691195487976 0
1706889822078 6070.493243217468 0
1706889822148 6081.330611228943 0
1706889822222 6092.034655570984 0
1706889822293 6102.825950622559 0
1706889822361 6113.51780128479 0
1706889822431 6124.1624393463135 0
1706889822499 6134.805813789368 0
1706889822571 6145.545329093933 0
1706889822640 6156.420632362366 0
1706889822719 6167.1927099227905 0
1706889822789 6177.826682090759 0
1706889822860 6188.626269340515 0
1706889822929 6199.466201782227 0
1706889822997 6210.070677757263 0
1706889823063 6220.905727386475 0
1706889823133 6231.723893165588 0
1706889823201 6242.455672264099 0
1706889823287 6253.2942571640015 0
1706889823357 6264.0177526474 0
1706889823427 6274.666111946106 0
1706889823496 6285.449447631836 0
1706889823565 6296.260590553284 0
1706889823632 6306.970965385437 0
1706889823702 6317.812384605408 0
1706889823769 6328.604592323303 0
1706889823842 6339.369214057922 0
1706889823910 6350.142263412476 0
1706889823984 6360.897466659546 0
1706889824061 6371.500603675842 0
1706889824140 6382.272916793823 0
1706889824209 6393.093395233154 0
1706889824280 6403.81233215332 0
1706889824350 6414.533326148987 0
1706889824437 6425.226336479187 0
1706889824518 6435.920510292053 0
1706889824590 6446.738911628723 0
1706889824661 6457.467512130737 0
1706889824734 6468.253562927246 0
1706889824802 6479.064805030823 0
1706889824872 6489.747576713562 0
1706889824940 6500.466107368469 0
1706889825012 6511.105787277222 0
1706889825080 6521.885556221008 0
1706889825149 6532.665446281433 0
1706889825219 6543.40909576416 0
1706889825290 6554.118919372559 0
1706889825359 6564.950584411621 0
1706889825431 6575.585903167725 0
1706889825498 6586.35230922699 0
1706889825568 6597.016316413879 0
1706889825648 6607.830241203308 0
1706889825722 6618.468198776245 0
1706889825791 6629.37305355072 0
1706889825863 6640.0442571640015 0
1706889825931 6650.903878211975 0
1706889826002 6661.703806877136 0
1706889826072 6672.526563644409 0
1706889826152 6683.248362541199 0
1706889826221 6694.10995388031 0
1706889826290 6704.932461738586 0
1706889826360 6715.686758041382 0
1706889826429 6726.486866950989 0
1706889826498 6737.348598480225 0
1706889826568 6748.132179260254 0
1706889826636 6759.067386627197 0
1706889826713 6769.786908149719 0
1706889826783 6780.54553604126 0
1706889826854 6791.3012437820435 0
1706889826924 6802.003309249878 0
1706889826994 6812.773453712463 0
1706889827063 6823.5193881988525 0
1706889827141 6834.291382789612 0
1706889827221 6845.133153915405 0
1706889827303 6855.758931159973 0
1706889827385 6866.536283493042 0
1706889827465 6877.230833053589 0
1706889827539 6887.832001686096 0
1706889827612 6898.616069793701 0
1706889827683 6909.396221160889 0
1706889827756 6920.1137342453 0
1706889827832 6930.918354034424 0
1706889827913 6941.677654266357 0
1706889827985 6952.435669898987 0
1706889828057 6963.083537101746 0
1706889828125 6973.785803794861 0
1706889828195 6984.549468040466 0
1706889828263 6995.307436943054 0
1706889828335 7006.12474155426 0
1706889828401 7016.78071975708 0
1706889828472 7027.58856678009 0
1706889828540 7038.367398262024 0
1706889828609 7049.0639295578 0
1706889828678 7059.7239599227905 0
1706889828750 7070.522161483765 0
1706889828816 7081.19845867157 0
1706889828886 7091.890293121338 0
1706889828958 7102.680827140808 0
1706889829028 7113.408130645752 0
1706889829095 7124.0850648880005 0
1706889829163 7134.839999198914 0
1706889829229 7145.570834159851 0
1706889829299 7156.12856388092 0
1706889829364 7166.857776641846 0
1706889829436 7177.519500732422 0
1706889829503 7188.192339897156 0
1706889829572 7198.883335113525 0
1706889829638 7209.508413314819 0
1706889829710 7220.263816833496 0
1706889829778 7231.045400619507 0
1706889829847 7241.706830024719 0
1706889829914 7252.506299972534 0
1706889829984 7263.269033432007 0
1706889830054 7273.972105979919 0
1706889830123 7284.818830490112 0
1706889830190 7295.594861030579 0
1706889830258 7306.213768959045 0
1706889830326 7316.907358169556 0
1706889830396 7327.829957008362 0
1706889830462 7338.624460220337 0
1706889830530 7349.356050491333 0
1706889830596 7360.155213356018 0
1706889830668 7370.85434627533 0
1706889830733 7381.609208106995 0
1706889830802 7392.227760314941 0
1706889830868 7402.963896751404 0
1706889830937 7413.697827339172 0
1706889831004 7424.372259140015 0
1706889831074 7434.982759475708 0
1706889831146 7445.801601409912 0
1706889831215 7456.580797195435 0
1706889831285 7467.254220962524 0
1706889831354 7478.119294166565 0
1706889831420 7488.705955505371 0
1706889831489 7499.457204818726 0
1706889831556 7510.2134799957275 0
1706889831625 7521.008277893066 0
1706889831692 7531.604763031006 0
1706889831761 7542.395136833191 0
1706889831828 7553.134777069092 0
1706889831900 7563.86567401886 0
1706889831969 7574.611137390137 0
1706889832047 7585.320081710815 0
1706889832163 7596.047289848328 0
1706889832238 7606.750861167908 0
1706889832308 7617.55025100708 0
1706889832379 7628.294023513794 0
1706889832448 7638.933570861816 0
1706889832524 7649.580281257629 0
1706889832602 7660.330564498901 0
1706889832684 7671.077930450439 0
1706889832767 7681.779435157776 0
1706889832845 7692.548251152039 0
1706889832915 7703.31575012207 0
1706889832986 7714.168139457703 0
1706889833057 7724.882797241211 0
1706889833129 7735.563719749451 0
1706889833198 7746.270315170288 0
1706889833271 7757.028737068176 0
1706889833369 7767.674397468567 0
1706889833440 7778.426675796509 0
1706889833505 7789.182741165161 0
1706889833575 7799.862174987793 0
1706889833641 7810.6641664505005 0
1706889833712 7821.483130455017 0
1706889833780 7832.172613143921 0
1706889833852 7842.974369049072 0
1706889833929 7853.724263191223 0
1706889834003 7864.512343406677 0
1706889834075 7875.202149391174 0
1706889834148 7885.87023639679 0
1706889834215 7896.586294174194 0
1706889834288 7907.483242988586 0
1706889834359 7918.2311935424805 0
1706889834443 7928.942850112915 0
1706889834520 7939.6568994522095 0
1706889834591 7950.313504219055 0
1706889834659 7961.16007232666 0
1706889834729 7971.963535308838 0
1706889834796 7982.727363586426 0
1706889834906 7993.4733629226685 0
1706889834975 8004.27135848999 0
1706889835043 8014.972443580627 0
1706889835110 8025.639998435974 0
1706889835178 8036.434530258179 0
1706889835257 8046.9689292907715 0
1706889835339 8057.656930923462 0
1706889835415 8068.296999931335 0
1706889835489 8079.051933288574 0
1706889835562 8089.763208389282 0
1706889835630 8100.329441070557 0
1706889835700 8111.025269508362 0
1706889835775 8121.792368888855 0
1706889835843 8132.539977073669 0
1706889835914 8143.168365478516 0
1706889835986 8153.948061943054 0
1706889836066 8164.748250961304 0
1706889836143 8175.594840049744 0
1706889836220 8186.282096862793 0
1706889836297 8197.096598625183 0
1706889836368 8207.709665298462 0
1706889836437 8218.498865127563 0
1706889836515 8229.252787590027 0
1706889836591 8239.877992630005 0
1706889836669 8250.601776123047 0
1706889836741 8261.40187740326 0
1706889836814 8272.199250221252 0
1706889836886 8283.032423973083 0
1706889836960 8293.716711997986 0
1706889837038 8304.579802513123 0
1706889837109 8315.420830726624 0
1706889837179 8326.119340896606 0
1706889837249 8336.924241065979 0
1706889837316 8347.651328086853 0
1706889837385 8358.368662834167 0
1706889837452 8369.109753608704 0
1706889837522 8379.929702758789 0
1706889837590 8390.56498336792 0
1706889837659 8401.217726707458 0
1706889837735 8411.915481567383 0
1706889837807 8422.727075576782 0
1706889837876 8433.503229141235 0
1706889837945 8444.318784713745 0
1706889838011 8455.046385765076 0
1706889838083 8465.778861045837 0
1706889838149 8476.416264533997 0
1706889838218 8487.09077835083 0
1706889838294 8497.75013256073 0
1706889838366 8508.456374168396 0
1706889838436 8519.273698806763 0
1706889838610 8530.126861572266 0
1706889838677 8540.782198905945 0
1706889838751 8551.448460578918 0
1706889838824 8562.119733810425 0
1706889838899 8572.939169883728 0
1706889838967 8583.716074943542 0
1706889839041 8594.50450515747 0
1706889839110 8605.044254302979 0
1706889839182 8615.787699699402 0
1706889839250 8626.609771728516 0
1706889839321 8637.279377937317 0
1706889839390 8648.087664604187 0
1706889839459 8658.711367607117 0
1706889839528 8669.511470794678 0
1706889839598 8680.1842918396 0
1706889839665 8690.945358276367 0
1706889839735 8701.776671409607 0
1706889839804 8712.45087146759 0
1706889839879 8723.06559753418 0
1706889839955 8733.832768440247 0
1706889840031 8744.46291255951 0
1706889840101 8755.327486991882 0
1706889840174 8765.997705459595 0
1706889840244 8776.714875221252 0
1706889840319 8787.586667060852 0
1706889840378 8798.146542549133 0
