1706890463189 10.84284782409668 0
1706890463425 10.867921829223633 0
1706890463674 10.816792488098145 0
1706890463930 10.817435264587402 0
1706890464185 10.85067081451416 0
1706890464403 10.786227226257324 0
1706890464632 10.871408462524414 0
1706890464871 10.910618782043457 0
1706890465093 10.825454711914062 0
1706890465322 10.841012954711914 0
1706890465548 10.865727424621582 0
1706890465773 10.878864288330078 0
1706890466004 10.853731155395508 0
1706890466224 10.760833740234375 0
1706890466442 10.80530834197998 0
1706890466660 10.815459251403809 0
1706890466889 10.876789093017578 0
1706890467143 10.81438159942627 0
1706890467410 10.858742713928223 0
1706890467635 10.784768104553223 0
1706890467879 10.840533256530762 0
1706890468133 10.84933090209961 0
1706890468373 10.817525863647461 0
1706890468597 10.881239891052246 0
1706890468833 10.840348243713379 0
1706890469080 10.881103515625 0
1706890469311 10.817998886108398 0
1706890469541 10.779088973999023 0
1706890469772 10.84212875366211 0
1706890469995 10.85733413696289 0
1706890470227 10.836816787719727 0
1706890470486 10.79464340209961 0
1706890470734 10.826742172241211 0
1706890470999 10.836821556091309 0
1706890471245 10.870966911315918 0
1706890471506 10.826440811157227 0
1706890471745 10.870357513427734 0
1706890471985 10.827461242675781 0
1706890472210 10.844574928283691 0
1706890472435 10.799355506896973 0
1706890472714 10.833271026611328 0
1706890472967 10.874082565307617 0
1706890473207 10.778837203979492 0
1706890473449 10.817838668823242 0
1706890473682 10.781355857849121 0
1706890473909 10.768586158752441 0
1706890474128 10.782483100891113 0
1706890474350 10.909579277038574 0
1706890474574 10.819517135620117 0
1706890474801 10.859818458557129 0
1706890475026 10.844247817993164 0
1706890475247 10.826349258422852 0
1706890475473 10.853476524353027 0
1706890475699 10.780865669250488 0
1706890475919 10.900504112243652 0
1706890476150 10.838852882385254 0
1706890476370 10.765669822692871 0
1706890476594 10.846882820129395 0
1706890476810 10.847908973693848 0
1706890477030 10.880666732788086 0
1706890477255 10.79263687133789 0
1706890477478 10.787454605102539 0
1706890477741 10.872576713562012 0
1706890477956 10.830033302307129 0
1706890478170 10.846659660339355 0
1706890478390 10.735721588134766 0
1706890478606 10.79659652709961 0
1706890478818 10.793425559997559 0
1706890479048 10.863040924072266 0
1706890479283 10.825080871582031 0
1706890479521 10.866209983825684 0
1706890479737 10.797151565551758 0
1706890479953 10.766929626464844 0
1706890480172 10.840188026428223 0
1706890480461 10.83211612701416 0
1706890480679 10.814722061157227 0
1706890480898 10.87507152557373 0
1706890481124 10.783193588256836 0
1706890481338 10.82642650604248 0
1706890481561 10.874408721923828 0
1706890481785 10.869023323059082 0
1706890482008 10.8731050491333 0
1706890482235 10.886377334594727 0
1706890482453 10.835633277893066 0
1706890482668 10.822961807250977 0
1706890482902 10.786093711853027 0
1706890483127 10.865372657775879 0
1706890483348 10.90774154663086 0
1706890483570 10.752086639404297 0
1706890483795 10.90050220489502 0
1706890484222 10.813261032104492 0
1706890484438 10.854854583740234 0
1706890484657 10.775593757629395 0
1706890484874 10.915716171264648 0
1706890485098 10.801187515258789 0
1706890485312 10.794519424438477 0
1706890485531 10.814836502075195 0
1706890485747 10.837031364440918 0
1706890485964 10.831891059875488 0
1706890486194 10.84488582611084 0
1706890486415 10.851841926574707 0
1706890486645 10.870861053466797 0
1706890486864 10.849993705749512 0
1706890487080 10.809711456298828 0
1706890487307 10.77773380279541 0
1706890487526 10.865320205688477 0
1706890487747 10.868621826171875 0
1706890487963 10.868849754333496 0
1706890488190 10.891057968139648 0
1706890488419 10.875940322875977 0
1706890488641 10.798833847045898 0
1706890488856 10.881512641906738 0
1706890489077 10.823243141174316 0
1706890489315 10.813282012939453 0
1706890489554 10.853742599487305 0
1706890489796 10.84695053100586 0
1706890490044 10.789196014404297 0
1706890490293 10.801554679870605 0
1706890490538 10.84744930267334 0
1706890490897 10.86613941192627 0
1706890491160 10.879446983337402 0
1706890491385 10.84600830078125 0
1706890491635 10.89135456085205 0
1706890491871 10.813774108886719 0
1706890492106 10.880836486816406 0
1706890492333 10.824957847595215 0
1706890492574 10.819398880004883 0
1706890492813 10.8894681930542 0
1706890493068 10.845012664794922 0
1706890493323 10.835198402404785 0
1706890493572 10.78605842590332 0
1706890493805 10.795228958129883 0
1706890494029 10.83091926574707 0
1706890494261 10.796117782592773 0
1706890494480 10.806720733642578 0
1706890494699 10.836304664611816 0
1706890494916 10.790413856506348 0
1706890495145 10.899561882019043 0
1706890495366 10.852594375610352 0
1706890495585 10.846693992614746 0
1706890495808 10.796781539916992 0
1706890496030 10.882316589355469 0
1706890496255 10.786437034606934 0
1706890496481 10.827264785766602 0
1706890496701 10.807498931884766 0
1706890496919 10.791625022888184 0
1706890497135 10.816888809204102 0
1706890497356 10.846710205078125 0
1706890497581 10.8602294921875 0
1706890497796 10.778532028198242 0
1706890498019 10.827178955078125 0
1706890498244 10.883280754089355 0
1706890498468 10.89945125579834 0
1706890498695 10.839239120483398 0
1706890498916 10.733860969543457 0
1706890499140 10.81507682800293 0
1706890499359 10.764242172241211 0
1706890499585 10.820685386657715 0
1706890499806 10.817789077758789 0
1706890500046 10.843185424804688 0
1706890500297 10.931512832641602 0
1706890500540 10.790427207946777 0
1706890500778 10.855191230773926 0
1706890501038 10.832313537597656 0
1706890501306 10.870340347290039 0
1706890501568 10.9158296585083 0
1706890501826 10.890453338623047 0
1706890502071 10.836573600769043 0
1706890502298 10.852229118347168 0
1706890502521 10.899797439575195 0
1706890502751 10.87820816040039 0
1706890502971 10.856097221374512 0
1706890503196 10.778755187988281 0
1706890503412 10.842412948608398 0
1706890503642 10.798995971679688 0
1706890503882 10.774638175964355 0
1706890504115 10.864981651306152 0
1706890504352 10.82118034362793 0
1706890504579 10.809447288513184 0
1706890504812 10.778818130493164 0
1706890505066 10.804831504821777 0
1706890505304 10.848816871643066 0
1706890505535 10.868952751159668 0
1706890505772 10.829239845275879 0
1706890506002 10.874000549316406 0
1706890506233 10.90656566619873 0
1706890506466 10.81397533416748 0
1706890506711 10.883122444152832 0
1706890506947 10.846697807312012 0
1706890507183 10.841715812683105 0
1706890507415 10.906763076782227 0
1706890507655 10.805427551269531 0
1706890507891 10.855401039123535 0
1706890508122 10.86771011352539 0
1706890508353 10.83093547821045 0
1706890508584 10.748909950256348 0
1706890508813 10.81798267364502 0
1706890509046 10.824748039245605 0
1706890509275 10.85831069946289 0
1706890509505 10.780108451843262 0
1706890509733 10.876435279846191 0
1706890509967 10.956111907958984 0
1706890510205 10.875537872314453 0
1706890510431 10.84660816192627 0
1706890510580 10.895244598388672 0
1706890510831 10.837724685668945 0
1706890511068 10.87475872039795 0
1706890511334 10.830731391906738 0
1706890511553 10.812809944152832 0
1706890511783 10.860206604003906 0
1706890512019 10.811424255371094 0
1706890512235 10.80846881866455 0
1706890512462 10.78360366821289 0
1706890512693 10.87118148803711 0
1706890512930 10.87736988067627 0
1706890513160 10.796475410461426 0
1706890513393 10.87536907196045 0
1706890513623 10.854914665222168 0
1706890513852 10.821788787841797 0
1706890514086 10.833159446716309 0
1706890514325 10.821771621704102 0
1706890514592 10.87606430053711 0
1706890514842 10.798867225646973 0
1706890515088 10.805267333984375 0
1706890515323 10.890129089355469 0
1706890515562 10.861092567443848 0
1706890515798 10.842878341674805 0
1706890516023 10.803584098815918 0
1706890516242 10.82418441772461 0
1706890516472 10.819644927978516 0
1706890516701 10.843308448791504 0
1706890516934 10.871285438537598 0
1706890517165 10.854975700378418 0
1706890517392 10.811613082885742 0
1706890517616 10.794775009155273 0
1706890517842 10.812846183776855 0
1706890518095 10.823925018310547 0
1706890518329 10.823928833007812 0
1706890518560 10.860904693603516 0
1706890518799 10.816766738891602 0
1706890519030 10.818619728088379 0
1706890519268 10.818097114562988 0
1706890519492 10.80555534362793 0
1706890519721 10.839564323425293 0
1706890519955 10.74658203125 0
1706890520186 10.822968482971191 0
1706890520426 10.855499267578125 0
1706890520662 10.794557571411133 0
1706890520950 10.80095386505127 0
1706890521204 10.76533031463623 0
1706890521438 10.825654029846191 0
1706890521690 10.821660995483398 0
1706890521938 10.831894874572754 0
1706890522176 10.920626640319824 0
1706890522409 10.808582305908203 0
1706890522644 10.804247856140137 0
1706890522895 10.79561710357666 0
1706890523143 10.809701919555664 0
1706890523389 10.815037727355957 0
1706890523629 10.811748504638672 0
1706890523869 10.872295379638672 0
1706890524117 10.842827796936035 0
1706890524353 10.842453956604004 0
1706890524590 10.853242874145508 0
1706890524829 10.847622871398926 0
1706890525064 10.825028419494629 0
1706890525307 10.789501190185547 0
1706890525540 10.88644790649414 0
1706890525774 10.879992485046387 0
1706890526024 10.814512252807617 0
1706890526261 10.79526424407959 0
1706890526497 10.818498611450195 0
1706890526745 10.871996879577637 0
1706890526996 10.825803756713867 0
1706890527261 10.795027732849121 0
1706890527503 10.860312461853027 0
1706890527744 10.843560218811035 0
1706890527979 10.786277770996094 0
1706890528216 10.795866012573242 0
1706890528459 10.807312965393066 0
1706890528686 10.784895896911621 0
1706890528907 10.753501892089844 0
1706890529132 10.888388633728027 0
1706890529365 10.821011543273926 0
1706890529600 10.817959785461426 0
1706890529831 10.809030532836914 0
1706890530059 10.853869438171387 0
1706890530289 10.81717586517334 0
1706890530529 10.878182411193848 0
1706890530770 10.854752540588379 0
1706890531005 10.7949857711792 0
1706890531249 10.831855773925781 0
1706890531514 10.82992935180664 0
1706890531752 10.824732780456543 0
1706890531997 10.84560489654541 0
1706890532232 10.81208324432373 0
1706890532466 10.831338882446289 0
1706890532710 10.783327102661133 0
1706890532959 10.826102256774902 0
1706890533194 10.835369110107422 0
1706890533434 10.799036026000977 0
1706890533672 10.835556983947754 0
1706890533909 10.764520645141602 0
1706890534156 10.829604148864746 0
1706890534395 10.83572006225586 0
1706890534642 10.838218688964844 0
1706890534896 10.807254791259766 0
1706890535136 10.846478462219238 0
1706890535378 10.920007705688477 0
1706890535607 10.854905128479004 0
1706890535831 10.820796012878418 0
1706890536059 10.872729301452637 0
1706890536290 10.73940372467041 0
1706890536521 10.838923454284668 0
1706890536750 10.834697723388672 0
1706890536985 10.79753303527832 0
1706890537210 10.864421844482422 0
1706890537429 10.804471015930176 0
1706890537654 10.828523635864258 0
1706890537878 10.889739990234375 0
1706890538098 10.773538589477539 0
1706890538320 10.814397811889648 0
1706890538542 10.873819351196289 0
1706890538772 10.851093292236328 0
1706890538995 10.843157768249512 0
1706890539217 10.834223747253418 0
1706890539433 10.794082641601562 0
1706890539650 10.809345245361328 0
1706890539874 10.817410469055176 0
1706890540095 10.78515911102295 0
1706890540317 10.856203079223633 0
1706890540541 10.824665069580078 0
1706890540762 10.861251831054688 0
1706890540991 10.86915397644043 0
1706890541217 10.767971992492676 0
1706890541439 10.855633735656738 0
1706890541661 10.881560325622559 0
1706890541878 10.864737510681152 0
1706890542107 10.81888198852539 0
1706890542328 10.807275772094727 0
1706890542549 10.86156940460205 0
1706890542764 10.872564315795898 0
1706890542986 10.806802749633789 0
1706890543213 10.916735649108887 0
1706890543430 10.80204963684082 0
1706890543646 10.880398750305176 0
1706890543863 10.810413360595703 0
1706890544084 10.829436302185059 0
1706890544306 10.828718185424805 0
1706890544525 10.797563552856445 0
1706890544746 10.872843742370605 0
1706890544965 10.857751846313477 0
1706890545186 10.792055130004883 0
1706890545416 10.796850204467773 0
1706890545637 10.861346244812012 0
1706890545861 10.790101051330566 0
1706890546079 10.873696327209473 0
1706890546296 10.926046371459961 0
1706890546520 10.810243606567383 0
1706890546759 10.829916954040527 0
1706890546979 10.812579154968262 0
1706890547199 10.84504508972168 0
1706890547417 10.823580741882324 0
1706890547637 10.875689506530762 0
1706890547861 10.810647964477539 0
1706890548080 10.849562644958496 0
1706890548298 10.879877090454102 0
1706890548517 10.883482933044434 0
1706890548749 10.837120056152344 0
1706890548966 10.767912864685059 0
1706890549185 10.779077529907227 0
1706890549410 10.792055130004883 0
1706890549629 10.822112083435059 0
1706890549854 10.85634708404541 0
1706890550072 10.843378067016602 0
1706890550292 10.829544067382812 0
1706890550507 10.778609275817871 0
1706890550724 10.814009666442871 0
1706890551133 10.796910285949707 0
1706890551352 10.84069538116455 0
1706890551573 10.85401439666748 0
1706890551796 10.809257507324219 0
1706890552014 10.855093002319336 0
1706890552232 10.828842163085938 0
1706890552458 10.837388038635254 0
1706890552682 10.787640571594238 0
1706890552896 10.835848808288574 0
1706890553115 10.820001602172852 0
1706890553342 10.817373275756836 0
1706890553557 10.791772842407227 0
1706890553785 10.840187072753906 0
1706890554003 10.857603073120117 0
1706890554218 10.766963958740234 0
1706890554436 10.843426704406738 0
1706890554655 10.822267532348633 0
1706890554870 10.845090866088867 0
1706890555091 10.888411521911621 0
1706890555305 10.860424995422363 0
1706890555531 10.776643753051758 0
1706890555747 10.797957420349121 0
1706890555970 10.829158782958984 0
1706890556189 10.881231307983398 0
1706890556413 10.87968635559082 0
1706890556635 10.83883285522461 0
1706890556852 10.765743255615234 0
1706890557069 10.830389022827148 0
1706890557285 10.8484468460083 0
1706890557499 10.827611923217773 0
1706890557724 10.844053268432617 0
1706890557827 10.830192565917969 0
1706890558068 10.766613960266113 0
1706890558285 10.814425468444824 0
1706890558500 10.784162521362305 0
1706890558722 10.798001289367676 0
1706890558942 10.725473403930664 0
1706890559163 10.835648536682129 0
1706890559379 10.75892448425293 0
1706890559597 10.825581550598145 0
1706890559817 10.823534965515137 0
1706890560039 10.810315132141113 0
1706890560254 10.822322845458984 0
1706890560470 10.82524585723877 0
1706890560687 10.80749797821045 0
1706890560904 10.83179759979248 0
1706890561128 10.805548667907715 0
1706890561345 10.818160057067871 0
1706890561561 10.878153800964355 0
1706890561780 10.767106056213379 0
1706890561995 10.929458618164062 0
1706890562218 10.833070755004883 0
1706890562436 10.859099388122559 0
1706890562651 10.819506645202637 0
1706890562882 10.825804710388184 0
1706890563100 10.809142112731934 0
1706890563332 10.862157821655273 0
1706890563549 10.873336791992188 0
1706890563765 10.797075271606445 0
1706890563981 10.887252807617188 0
1706890564197 10.793220520019531 0
1706890564420 10.873001098632812 0
1706890564642 10.865732192993164 0
1706890564859 10.79651927947998 0
1706890565078 10.867518424987793 0
1706890565299 10.871936798095703 0
1706890565519 10.821715354919434 0
1706890565736 10.801789283752441 0
1706890565952 10.826126098632812 0
1706890566166 10.758044242858887 0
1706890566387 10.847162246704102 0
1706890566611 10.836953163146973 0
1706890566829 10.78759479522705 0
1706890567045 10.860623359680176 0
1706890567260 10.79652214050293 0
1706890567477 10.785113334655762 0
1706890567698 10.75533676147461 0
1706890567914 10.826233863830566 0
1706890568142 10.864995956420898 0
1706890568367 10.818380355834961 0
1706890568595 10.782851219177246 0
1706890568826 10.775424003601074 0
1706890569055 10.840266227722168 0
1706890569270 10.828756332397461 0
1706890569494 10.861063003540039 0
1706890569712 10.817325592041016 0
1706890569932 10.776988983154297 0
1706890570146 10.845727920532227 0
1706890570362 10.784344673156738 0
1706890570578 10.86213493347168 0
1706890570795 10.807604789733887 0
1706890571018 10.863821983337402 0
1706890571232 10.791522979736328 0
1706890571450 10.80789852142334 0
1706890571668 10.807677268981934 0
1706890571890 10.82803726196289 0
1706890572115 10.791346549987793 0
1706890572330 10.827582359313965 0
1706890572543 10.838603019714355 0
1706890572764 10.778548240661621 0
1706890572983 10.922379493713379 0
1706890573205 10.874032020568848 0
1706890573438 10.81926155090332 0
1706890573657 10.823935508728027 0
1706890573878 10.79920482635498 0
1706890574093 10.768877983093262 0
1706890574314 10.798599243164062 0
1706890574539 10.862926483154297 0
1706890574762 10.834471702575684 0
1706890574986 10.855207443237305 0
1706890575240 10.81576919555664 0
1706890575498 10.777416229248047 0
1706890575721 10.855141639709473 0
1706890575938 10.798591613769531 0
1706890576158 10.824311256408691 0
1706890576374 10.84289836883545 0
1706890576595 10.859688758850098 0
1706890576812 10.80974292755127 0
1706890577033 10.79399585723877 0
1706890577252 10.817529678344727 0
1706890577469 10.723942756652832 0
1706890577687 10.882984161376953 0
1706890577902 10.915587425231934 0
1706890578117 10.858002662658691 0
1706890578334 10.828408241271973 0
1706890578548 10.796436309814453 0
1706890578765 10.754727363586426 0
1706890578986 10.870936393737793 0
1706890579200 10.774031639099121 0
1706890579418 10.817549705505371 0
1706890579636 10.818376541137695 0
1706890579850 10.857893943786621 0
1706890580119 10.798757553100586 0
1706890580339 10.784257888793945 0
1706890580553 10.809568405151367 0
1706890580772 10.7944917678833 0
1706890580990 10.820958137512207 0
1706890581204 10.75938606262207 0
1706890581422 10.850384712219238 0
1706890581639 10.790998458862305 0
1706890581854 10.860559463500977 0
1706890582075 10.846738815307617 0
1706890582293 10.814749717712402 0
1706890582511 10.851897239685059 0
1706890582734 10.836592674255371 0
1706890582953 10.868911743164062 0
1706890583171 10.856036186218262 0
1706890583393 10.899667739868164 0
1706890583611 10.790813446044922 0
1706890583835 10.741548538208008 0
1706890584055 10.833906173706055 0
1706890584275 10.830228805541992 0
1706890584504 10.828725814819336 0
1706890584724 10.869048118591309 0
1706890584944 10.832540512084961 0
1706890585165 10.857720375061035 0
1706890585390 10.832669258117676 0
1706890585619 10.83163833618164 0
1706890585839 10.774975776672363 0
1706890586061 10.819808006286621 0
1706890586276 10.874504089355469 0
1706890586503 10.844152450561523 0
1706890586737 10.847864151000977 0
1706890586961 10.863167762756348 0
1706890587185 10.78210163116455 0
1706890587406 10.845773696899414 0
1706890587627 10.862944602966309 0
1706890587853 10.80483341217041 0
1706890588071 10.729676246643066 0
1706890588293 10.829142570495605 0
1706890588508 10.911434173583984 0
1706890588722 10.773153305053711 0
1706890588946 10.817668914794922 0
1706890589162 10.837379455566406 0
1706890589380 10.743146896362305 0
1706890589598 10.81421947479248 0
1706890589815 10.836230278015137 0
1706890590040 10.876977920532227 0
1706890590255 10.817157745361328 0
1706890590470 10.841322898864746 0
1706890590692 10.779838562011719 0
1706890590908 10.78115177154541 0
1706890591131 10.782443046569824 0
1706890591344 10.803035736083984 0
1706890591567 10.845194816589355 0
1706890591786 10.846569061279297 0
1706890592001 10.79386043548584 0
1706890592271 10.77845287322998 0
1706890592485 10.877695083618164 0
1706890592705 10.884567260742188 0
1706890592929 10.807336807250977 0
1706890593143 10.821098327636719 0
1706890593370 10.804864883422852 0
1706890593583 10.813754081726074 0
1706890593799 10.92908000946045 0
1706890594012 10.794024467468262 0
1706890594228 10.812041282653809 0
1706890594452 10.855644226074219 0
1706890594666 10.905741691589355 0
1706890594882 10.811787605285645 0
1706890595103 10.82275104522705 0
1706890595320 10.862285614013672 0
1706890595539 10.82451057434082 0
1706890595754 10.766969680786133 0
1706890595969 10.851924896240234 0
1706890596184 10.804829597473145 0
1706890596399 10.796918869018555 0
1706890596620 10.891768455505371 0
1706890596840 10.849106788635254 0
1706890597056 10.848872184753418 0
1706890597325 10.770201683044434 0
1706890597599 10.781964302062988 0
1706890597819 10.793291091918945 0
1706890598032 10.811634063720703 0
1706890598251 10.871845245361328 0
1706890598469 10.793412208557129 0
1706890598690 10.806601524353027 0
1706890598915 10.876679420471191 0
1706890599132 10.856827735900879 0
1706890599347 10.801481246948242 0
1706890599561 10.834604263305664 0
1706890599774 10.86435604095459 0
1706890599994 10.779375076293945 0
1706890600211 10.819722175598145 0
1706890600425 10.879549980163574 0
1706890600639 10.853334426879883 0
1706890600854 10.842825889587402 0
1706890601088 10.833627700805664 0
1706890601328 10.755594253540039 0
1706890601563 10.807287216186523 0
1706890601782 10.834132194519043 0
1706890601999 10.797927856445312 0
1706890602222 10.808333396911621 0
1706890602437 10.768128395080566 0
1706890602654 10.797401428222656 0
1706890602867 10.851631164550781 0
1706890602972 10.923810958862305 0
