1706890463195 10.84284782409668 0
1706890463432 21.710769653320312 0
1706890463681 32.52756214141846 0
1706890463937 43.34499740600586 0
1706890464190 54.19566822052002 0
1706890464409 64.98189544677734 0
1706890464638 75.85330390930176 0
1706890464877 86.76392269134521 0
1706890465099 97.58937740325928 0
1706890465328 108.43039035797119 0
1706890465554 119.29611778259277 0
1706890465779 130.17498207092285 0
1706890466009 141.02871322631836 0
1706890466230 151.78954696655273 0
1706890466448 162.59485530853271 0
1706890466666 173.41031455993652 0
1706890466895 184.2871036529541 0
1706890467150 195.10148525238037 0
1706890467417 205.9602279663086 0
1706890467641 216.74499607086182 0
1706890467886 227.58552932739258 0
1706890468141 238.4348602294922 0
1706890468379 249.25238609313965 0
1706890468602 260.1336259841919 0
1706890468840 270.9739742279053 0
1706890469087 281.8550777435303 0
1706890469317 292.6730766296387 0
1706890469547 303.4521656036377 0
1706890469778 314.2942943572998 0
1706890470001 325.1516284942627 0
1706890470233 335.9884452819824 0
1706890470492 346.78308868408203 0
1706890470741 357.60983085632324 0
1706890471006 368.44665241241455 0
1706890471254 379.31761932373047 0
1706890471512 390.1440601348877 0
1706890471751 401.01441764831543 0
1706890471992 411.8418788909912 0
1706890472216 422.6864538192749 0
1706890472441 433.4858093261719 0
1706890472721 444.3190803527832 0
1706890472973 455.1931629180908 0
1706890473213 465.9720001220703 0
1706890473455 476.78983879089355 0
1706890473687 487.5711946487427 0
1706890473915 498.3397808074951 0
1706890474134 509.12226390838623 0
1706890474356 520.0318431854248 0
1706890474581 530.8513603210449 0
1706890474808 541.711178779602 0
1706890475032 552.5554265975952 0
1706890475252 563.3817758560181 0
1706890475479 574.2352523803711 0
1706890475705 585.0161180496216 0
1706890475925 595.9166221618652 0
1706890476157 606.7554750442505 0
1706890476376 617.5211448669434 0
1706890476599 628.3680276870728 0
1706890476816 639.2159366607666 0
1706890477036 650.0966033935547 0
1706890477261 660.8892402648926 0
1706890477484 671.6766948699951 0
1706890477747 682.5492715835571 0
1706890477961 693.3793048858643 0
1706890478176 704.2259645462036 0
1706890478396 714.9616861343384 0
1706890478611 725.758282661438 0
1706890478823 736.5517082214355 0
1706890479054 747.4147491455078 0
1706890479289 758.2398300170898 0
1706890479527 769.1060400009155 0
1706890479742 779.9031915664673 0
1706890479959 790.6701211929321 0
1706890480218 801.5103092193604 0
1706890480467 812.3424253463745 0
1706890480685 823.1571474075317 0
1706890480904 834.0322189331055 0
1706890481130 844.8154125213623 0
1706890481344 855.6418390274048 0
1706890481567 866.5162477493286 0
1706890481790 877.3852710723877 0
1706890482014 888.258376121521 0
1706890482241 899.1447534561157 0
1706890482458 909.9803867340088 0
1706890482674 920.8033485412598 0
1706890482909 931.5894422531128 0
1706890483132 942.4548149108887 0
1706890483354 953.3625564575195 0
1706890483576 964.1146430969238 0
1706890483801 975.0151453018188 0
1706890484228 985.8284063339233 0
1706890484444 996.6832609176636 0
1706890484663 1007.458854675293 0
1706890484880 1018.3745708465576 0
1706890485103 1029.1757583618164 0
1706890485317 1039.9702777862549 0
1706890485537 1050.78511428833 0
1706890485753 1061.622145652771 0
1706890485970 1072.4540367126465 0
1706890486199 1083.2989225387573 0
1706890486420 1094.150764465332 0
1706890486651 1105.0216255187988 0
1706890486869 1115.8716192245483 0
1706890487086 1126.6813306808472 0
1706890487313 1137.4590644836426 0
1706890487531 1148.324384689331 0
1706890487753 1159.193006515503 0
1706890487969 1170.0618562698364 0
1706890488196 1180.952914237976 0
1706890488425 1191.828854560852 0
1706890488647 1202.627688407898 0
1706890488861 1213.5092010498047 0
1706890489083 1224.332444190979 0
1706890489321 1235.1457262039185 0
1706890489560 1245.9994688034058 0
1706890489802 1256.8464193344116 0
1706890490050 1267.635615348816 0
1706890490299 1278.4371700286865 0
1706890490575 1289.2846193313599 0
1706890490903 1300.1507587432861 0
1706890491165 1311.0302057266235 0
1706890491391 1321.8762140274048 0
1706890491642 1332.7675685882568 0
1706890491876 1343.5813426971436 0
1706890492111 1354.46217918396 0
1706890492339 1365.2871370315552 0
1706890492580 1376.10653591156 0
1706890492819 1386.9960041046143 0
1706890493074 1397.8410167694092 0
1706890493329 1408.676215171814 0
1706890493578 1419.4622735977173 0
1706890493811 1430.2575025558472 0
1706890494035 1441.0884218215942 0
1706890494267 1451.884539604187 0
1706890494486 1462.6912603378296 0
1706890494705 1473.5275650024414 0
1706890494921 1484.3179788589478 0
1706890495151 1495.2175407409668 0
1706890495372 1506.0701351165771 0
1706890495590 1516.916829109192 0
1706890495815 1527.713610649109 0
1706890496036 1538.5959272384644 0
1706890496261 1549.3823642730713 0
1706890496487 1560.209629058838 0
1706890496707 1571.0171279907227 0
1706890496924 1581.8087530136108 0
1706890497140 1592.625641822815 0
1706890497362 1603.472352027893 0
1706890497587 1614.3325815200806 0
1706890497802 1625.1111135482788 0
1706890498025 1635.938292503357 0
1706890498250 1646.8215732574463 0
1706890498474 1657.7210245132446 0
1706890498701 1668.560263633728 0
1706890498922 1679.2941246032715 0
1706890499146 1690.1092014312744 0
1706890499365 1700.8734436035156 0
1706890499590 1711.6941289901733 0
1706890499812 1722.5119180679321 0
1706890500053 1733.3551034927368 0
1706890500305 1744.2866163253784 0
1706890500546 1755.0770435333252 0
1706890500784 1765.9322347640991 0
1706890501050 1776.7645483016968 0
1706890501313 1787.6348886489868 0
1706890501577 1798.5507183074951 0
1706890501833 1809.4411716461182 0
1706890502077 1820.2777452468872 0
1706890502303 1831.1299743652344 0
1706890502526 1842.0297718048096 0
1706890502757 1852.90797996521 0
1706890502977 1863.7640771865845 0
1706890503202 1874.5428323745728 0
1706890503418 1885.3852453231812 0
1706890503649 1896.1842412948608 0
1706890503888 1906.9588794708252 0
1706890504121 1917.8238611221313 0
1706890504358 1928.6450414657593 0
1706890504585 1939.4544887542725 0
1706890504830 1950.2333068847656 0
1706890505074 1961.0381383895874 0
1706890505310 1971.8869552612305 0
1706890505541 1982.7559080123901 0
1706890505778 1993.585147857666 0
1706890506008 2004.4591484069824 0
1706890506239 2015.3657140731812 0
1706890506472 2026.1796894073486 0
1706890506717 2037.0628118515015 0
1706890506953 2047.9095096588135 0
1706890507190 2058.7512254714966 0
1706890507424 2069.657988548279 0
1706890507661 2080.4634160995483 0
1706890507897 2091.318817138672 0
1706890508129 2102.1865272521973 0
1706890508359 2113.0174627304077 0
1706890508590 2123.766372680664 0
1706890508818 2134.584355354309 0
1706890509052 2145.4091033935547 0
1706890509281 2156.2674140930176 0
1706890509511 2167.047522544861 0
1706890509739 2177.923957824707 0
1706890509973 2188.880069732666 0
1706890510212 2199.7556076049805 0
1706890510437 2210.6022157669067 0
1706890510586 2221.4974603652954 0
1706890510838 10.837724685668945 0
1706890511075 21.712483406066895 0
1706890511340 32.54321479797363 0
1706890511558 43.356024742126465 0
1706890511789 54.21623134613037 0
1706890512024 65.02765560150146 0
1706890512241 75.83612442016602 0
1706890512469 86.6197280883789 0
1706890512699 97.49090957641602 0
1706890512936 108.36827945709229 0
1706890513167 119.16475486755371 0
1706890513399 130.04012393951416 0
1706890513629 140.89503860473633 0
1706890513857 151.71682739257812 0
1706890514093 162.54998683929443 0
1706890514332 173.37175846099854 0
1706890514599 184.24782276153564 0
1706890514858 195.04668998718262 0
1706890515095 205.851957321167 0
1706890515329 216.74208641052246 0
1706890515568 227.6031789779663 0
1706890515804 238.4460573196411 0
1706890516028 249.24964141845703 0
1706890516247 260.07382583618164 0
1706890516478 270.89347076416016 0
1706890516707 281.73677921295166 0
1706890516939 292.60806465148926 0
1706890517171 303.4630403518677 0
1706890517398 314.2746534347534 0
1706890517623 325.0694284439087 0
1706890517847 335.88227462768555 0
1706890518101 346.7061996459961 0
1706890518336 357.5301284790039 0
1706890518566 368.3910331726074 0
1706890518806 379.207799911499 0
1706890519035 390.0264196395874 0
1706890519275 400.8445167541504 0
1706890519499 411.6500720977783 0
1706890519727 422.4896364212036 0
1706890519962 433.2362184524536 0
1706890520192 444.0591869354248 0
1706890520432 454.91468620300293 0
1706890520694 465.70924377441406 0
1706890520967 476.51019763946533 0
1706890521210 487.27552795410156 0
1706890521444 498.10118198394775 0
1706890521696 508.92284297943115 0
1706890521945 519.7547378540039 0
1706890522182 530.6753644943237 0
1706890522415 541.4839468002319 0
1706890522653 552.2881946563721 0
1706890522903 563.0838117599487 0
1706890523151 573.8935136795044 0
1706890523396 584.7085514068604 0
1706890523636 595.520299911499 0
1706890523877 606.3925952911377 0
1706890524124 617.2354230880737 0
1706890524360 628.0778770446777 0
1706890524596 638.9311199188232 0
1706890524835 649.7787427902222 0
1706890525070 660.6037712097168 0
1706890525313 671.3932723999023 0
1706890525546 682.2797203063965 0
1706890525781 693.1597127914429 0
1706890526031 703.9742250442505 0
1706890526266 714.7694892883301 0
1706890526503 725.5879878997803 0
1706890526751 736.4599847793579 0
1706890527020 747.2857885360718 0
1706890527268 758.0808162689209 0
1706890527510 768.9411287307739 0
1706890527750 779.784688949585 0
1706890527986 790.570966720581 0
1706890528223 801.3668327331543 0
1706890528466 812.1741456985474 0
1706890528691 822.959041595459 0
1706890528913 833.7125434875488 0
1706890529138 844.6009321212769 0
1706890529371 855.4219436645508 0
1706890529606 866.2399034500122 0
1706890529837 877.0489339828491 0
1706890530065 887.9028034210205 0
1706890530296 898.7199792861938 0
1706890530535 909.5981616973877 0
1706890530776 920.4529142379761 0
1706890531013 931.2479000091553 0
1706890531257 942.079755783081 0
1706890531521 952.9096851348877 0
1706890531759 963.7344179153442 0
1706890532003 974.5800228118896 0
1706890532238 985.3921060562134 0
1706890532472 996.2234449386597 0
1706890532718 1007.0067720413208 0
1706890532965 1017.8328742980957 0
1706890533200 1028.6682434082031 0
1706890533440 1039.467279434204 0
1706890533678 1050.3028364181519 0
1706890533916 1061.0673570632935 0
1706890534162 1071.8969612121582 0
1706890534401 1082.732681274414 0
1706890534648 1093.570899963379 0
1706890534909 1104.3781547546387 0
1706890535142 1115.224633216858 0
1706890535385 1126.1446409225464 0
1706890535613 1136.9995460510254 0
1706890535837 1147.8203420639038 0
1706890536065 1158.6930713653564 0
1706890536295 1169.4324750900269 0
1706890536527 1180.2713985443115 0
1706890536756 1191.1060962677002 0
1706890536992 1201.9036293029785 0
1706890537216 1212.768051147461 0
1706890537435 1223.572522163391 0
1706890537660 1234.4010457992554 0
1706890537884 1245.2907857894897 0
1706890538104 1256.0643243789673 0
1706890538326 1266.878722190857 0
1706890538548 1277.7525415420532 0
1706890538778 1288.6036348342896 0
1706890539001 1299.446792602539 0
1706890539222 1310.2810163497925 0
1706890539439 1321.075098991394 0
1706890539656 1331.8844442367554 0
1706890539880 1342.7018547058105 0
1706890540100 1353.4870138168335 0
1706890540322 1364.3432168960571 0
1706890540546 1375.1678819656372 0
1706890540768 1386.029133796692 0
1706890540997 1396.8982877731323 0
1706890541223 1407.666259765625 0
1706890541445 1418.5218935012817 0
1706890541667 1429.4034538269043 0
1706890541884 1440.2681913375854 0
1706890542113 1451.0870733261108 0
1706890542333 1461.8943490982056 0
1706890542554 1472.7559185028076 0
1706890542769 1483.6284828186035 0
1706890542991 1494.4352855682373 0
1706890543220 1505.3520212173462 0
1706890543436 1516.154070854187 0
1706890543652 1527.0344696044922 0
1706890543869 1537.844882965088 0
1706890544089 1548.674319267273 0
1706890544311 1559.5030374526978 0
1706890544531 1570.3006010055542 0
1706890544752 1581.1734447479248 0
1706890544970 1592.0311965942383 0
1706890545192 1602.8232517242432 0
1706890545422 1613.620101928711 0
1706890545642 1624.481448173523 0
1706890545867 1635.2715492248535 0
1706890546084 1646.145245552063 0
1706890546302 1657.071291923523 0
1706890546526 1667.8815355300903 0
1706890546765 1678.7114524841309 0
1706890546985 1689.5240316390991 0
1706890547204 1700.3690767288208 0
1706890547423 1711.1926574707031 0
1706890547643 1722.068346977234 0
1706890547867 1732.8789949417114 0
1706890548086 1743.72855758667 0
1706890548304 1754.608434677124 0
1706890548522 1765.4919176101685 0
1706890548754 1776.3290376663208 0
1706890548971 1787.0969505310059 0
1706890549191 1797.876028060913 0
1706890549416 1808.668083190918 0
1706890549635 1819.490195274353 0
1706890549860 1830.3465423583984 0
1706890550078 1841.189920425415 0
1706890550297 1852.0194644927979 0
1706890550513 1862.7980737686157 0
1706890550730 1873.6120834350586 0
1706890551139 1884.4089937210083 0
1706890551358 1895.2496891021729 0
1706890551579 1906.1037034988403 0
1706890551802 1916.9129610061646 0
1706890552020 1927.768054008484 0
1706890552238 1938.5968961715698 0
1706890552464 1949.434284210205 0
1706890552687 1960.2219247817993 0
1706890552902 1971.057773590088 0
1706890553120 1981.8777751922607 0
1706890553348 1992.6951484680176 0
1706890553563 2003.4869213104248 0
1706890553791 2014.3271083831787 0
1706890554009 2025.1847114562988 0
1706890554224 2035.951675415039 0
1706890554442 2046.7951021194458 0
1706890554661 2057.6173696517944 0
1706890554876 2068.4624605178833 0
1706890555096 2079.350872039795 0
1706890555311 2090.2112970352173 0
1706890555537 2100.987940788269 0
1706890555753 2111.785898208618 0
1706890555976 2122.615056991577 0
1706890556195 2133.4962882995605 0
1706890556419 2144.3759746551514 0
1706890556641 2155.214807510376 0
1706890556857 2165.980550765991 0
1706890557075 2176.8109397888184 0
1706890557291 2187.6593866348267 0
1706890557505 2198.4869985580444 0
1706890557730 2209.331051826477 0
1706890557833 2220.161244392395 0
1706890558074 10.766613960266113 0
1706890558291 21.581039428710938 0
1706890558505 32.36520195007324 0
1706890558728 43.16320323944092 0
1706890558948 53.88867664337158 0
1706890559169 64.72432518005371 0
1706890559384 75.48324966430664 0
1706890559603 86.30883121490479 0
1706890559823 97.13236618041992 0
1706890560044 107.94268131256104 0
1706890560260 118.76500415802002 0
1706890560476 129.5902500152588 0
1706890560693 140.39774799346924 0
1706890560910 151.22954559326172 0
1706890561134 162.03509426116943 0
1706890561351 172.8532543182373 0
1706890561567 183.73140811920166 0
1706890561786 194.49851417541504 0
1706890562001 205.4279727935791 0
1706890562224 216.26104354858398 0
1706890562442 227.12014293670654 0
1706890562656 237.93964958190918 0
1706890562888 248.76545429229736 0
1706890563106 259.5745964050293 0
1706890563338 270.43675422668457 0
1706890563555 281.31009101867676 0
1706890563770 292.1071662902832 0
1706890563987 302.9944190979004 0
1706890564203 313.7876396179199 0
1706890564426 324.66064071655273 0
1706890564648 335.5263729095459 0
1706890564866 346.3228921890259 0
1706890565084 357.1904106140137 0
1706890565304 368.0623474121094 0
1706890565524 378.8840627670288 0
1706890565742 389.68585205078125 0
1706890565958 400.51197814941406 0
1706890566172 411.27002239227295 0
1706890566393 422.11718463897705 0
1706890566616 432.954137802124 0
1706890566835 443.7417325973511 0
1706890567051 454.60235595703125 0
1706890567266 465.3988780975342 0
1706890567483 476.18399143218994 0
1706890567704 486.93932819366455 0
1706890567920 497.7655620574951 0
1706890568147 508.630558013916 0
1706890568373 519.448938369751 0
1706890568601 530.2317895889282 0
1706890568832 541.0072135925293 0
1706890569061 551.8474798202515 0
1706890569276 562.6762361526489 0
1706890569500 573.537299156189 0
1706890569718 584.35462474823 0
1706890569937 595.1316137313843 0
1706890570152 605.9773416519165 0
1706890570368 616.7616863250732 0
1706890570584 627.6238212585449 0
1706890570801 638.4314260482788 0
1706890571023 649.2952480316162 0
1706890571238 660.0867710113525 0
1706890571455 670.8946695327759 0
1706890571674 681.7023468017578 0
1706890571896 692.5303840637207 0
1706890572121 703.3217306137085 0
1706890572335 714.1493129730225 0
1706890572549 724.9879159927368 0
1706890572770 735.7664642333984 0
1706890572988 746.6888437271118 0
1706890573211 757.5628757476807 0
1706890573445 768.382137298584 0
1706890573663 779.206072807312 0
1706890573883 790.005277633667 0
1706890574099 800.7741556167603 0
1706890574320 811.5727548599243 0
1706890574545 822.4356813430786 0
1706890574768 833.2701530456543 0
1706890575007 844.1253604888916 0
1706890575247 854.9411296844482 0
1706890575504 865.7185459136963 0
1706890575726 876.5736875534058 0
1706890575943 887.3722791671753 0
1706890576164 898.196590423584 0
1706890576380 909.0394887924194 0
1706890576601 919.8991775512695 0
1706890576817 930.7089204788208 0
1706890577039 941.5029163360596 0
1706890577258 952.3204460144043 0
1706890577475 963.0443887710571 0
1706890577693 973.9273729324341 0
1706890577908 984.842960357666 0
1706890578123 995.7009630203247 0
1706890578340 1006.5293712615967 0
1706890578554 1017.3258075714111 0
1706890578770 1028.0805349349976 0
1706890578992 1038.9514713287354 0
1706890579206 1049.7255029678345 0
1706890579423 1060.5430526733398 0
1706890579642 1071.3614292144775 0
1706890579856 1082.2193231582642 0
1706890580125 1093.0180807113647 0
1706890580345 1103.8023386001587 0
1706890580558 1114.61190700531 0
1706890580777 1125.4063987731934 0
1706890580995 1136.2273569107056 0
1706890581210 1146.9867429733276 0
1706890581428 1157.8371276855469 0
1706890581645 1168.6281261444092 0
1706890581860 1179.4886856079102 0
1706890582081 1190.3354244232178 0
1706890582299 1201.1501741409302 0
1706890582517 1212.0020713806152 0
1706890582740 1222.8386640548706 0
1706890582959 1233.7075757980347 0
1706890583177 1244.563611984253 0
1706890583398 1255.463279724121 0
1706890583616 1266.254093170166 0
1706890583840 1276.995641708374 0
1706890584061 1287.82954788208 0
1706890584281 1298.659776687622 0
1706890584510 1309.4885025024414 0
1706890584730 1320.3575506210327 0
1706890584950 1331.1900911331177 0
1706890585171 1342.0478115081787 0
1706890585396 1352.8804807662964 0
1706890585625 1363.712119102478 0
1706890585845 1374.4870948791504 0
1706890586066 1385.306902885437 0
1706890586282 1396.1814069747925 0
1706890586509 1407.025559425354 0
1706890586742 1417.873423576355 0
1706890586967 1428.7365913391113 0
1706890587190 1439.5186929702759 0
1706890587411 1450.3644666671753 0
1706890587632 1461.2274112701416 0
1706890587858 1472.032244682312 0
1706890588076 1482.761920928955 0
1706890588298 1493.5910634994507 0
1706890588513 1504.5024976730347 0
1706890588728 1515.2756509780884 0
1706890588952 1526.0933198928833 0
1706890589168 1536.9306993484497 0
1706890589385 1547.673846244812 0
1706890589603 1558.4880657196045 0
1706890589821 1569.3242959976196 0
1706890590046 1580.2012739181519 0
1706890590260 1591.0184316635132 0
1706890590476 1601.859754562378 0
1706890590698 1612.6395931243896 0
1706890590914 1623.420744895935 0
1706890591136 1634.2031879425049 0
1706890591349 1645.0062236785889 0
1706890591573 1655.8514184951782 0
1706890591792 1666.6979875564575 0
1706890592011 1677.4918479919434 0
1706890592277 1688.2703008651733 0
1706890592491 1699.1479959487915 0
1706890592711 1710.0325632095337 0
1706890592934 1720.8399000167847 0
1706890593148 1731.6609983444214 0
1706890593375 1742.4658632278442 0
1706890593589 1753.2796173095703 0
1706890593804 1764.2086973190308 0
1706890594018 1775.002721786499 0
1706890594234 1785.8147630691528 0
1706890594457 1796.670407295227 0
1706890594672 1807.5761489868164 0
1706890594888 1818.387936592102 0
1706890595109 1829.210687637329 0
1706890595326 1840.0729732513428 0
1706890595545 1850.8974838256836 0
1706890595760 1861.6644535064697 0
1706890595975 1872.51637840271 0
1706890596189 1883.321208000183 0
1706890596405 1894.1181268692017 0
1706890596626 1905.009895324707 0
1706890596846 1915.8590021133423 0
1706890597062 1926.7078742980957 0
1706890597362 1937.4780759811401 0
1706890597604 1948.2600402832031 0
1706890597825 1959.053331375122 0
1706890598038 1969.8649654388428 0
1706890598256 1980.736810684204 0
1706890598475 1991.5302228927612 0
1706890598695 2002.3368244171143 0
1706890598921 2013.2135038375854 0
1706890599138 2024.0703315734863 0
1706890599352 2034.8718128204346 0
1706890599567 2045.7064170837402 0
1706890599780 2056.570773124695 0
1706890600000 2067.3501482009888 0
1706890600216 2078.169870376587 0
1706890600431 2089.0494203567505 0
1706890600645 2099.9027547836304 0
1706890600860 2110.745580673218 0
1706890601093 2121.5792083740234 0
1706890601336 2132.3348026275635 0
1706890601569 2143.14208984375 0
1706890601787 2153.976222038269 0
1706890602005 2164.7741498947144 0
1706890602229 2175.582483291626 0
1706890602443 2186.3506116867065 0
1706890602659 2197.148013114929 0
1706890602873 2207.99964427948 0
1706890602977 2218.9234552383423 0
