1706890079199 0.0030719999999746506 0
1706890089219 1.1622400000001107 1
1706890099239 2.3388159999999516 2
1706890109266 3.4723840000001474 3
1706890119291 8.296448000000055 4
1706890129332 9.32966400000032 5
1706890139369 10.460160000000087 6
1706890149401 11.639808000000357 7
1706890159432 12.713983999999982 8
1706890169467 13.809664000000339 9
1706890179522 14.865408000000116 10
1706890189556 15.920128000000204 11
1706890199590 17.047551999999996 12
1706890209626 18.251776000000064 13
1706890219653 19.414016000000174 14
1706890229679 20.520960000000287 15
1706890239709 21.669888000000356 16
1706890249744 22.802431999999953 17
1706890259841 23.937024000000292 18
