1706890079199 0.0030719999999746506 0
1706890089219 1.187840000000051 1
1706890099239 2.3900159999998323 2
1706890109266 3.610623999999916 3
1706890119291 8.5114880000001 4
1706890129332 9.635839999999916 5
1706890139369 10.774527999999918 6
1706890149401 12.009472000000187 7
1706890159432 13.102080000000115 8
1706890169467 14.225407999999788 9
1706890179522 15.290367999999944 10
1706890189556 16.379903999999897 11
1706890199590 17.63737600000013 12
1706890209626 18.914303999999902 13
1706890219653 20.102143999999953 14
1706890229679 21.296127999999953 15
1706890239709 22.531071999999767 16
1706890249744 23.703551999999945 17
1706890259841 24.860671999999795 18
