1706890069253 10.820621490478516 0
1706890069326 10.710562705993652 0
1706890069400 10.690208435058594 0
1706890069475 10.677971839904785 0
1706890069549 10.808436393737793 0
1706890069627 10.634453773498535 0
1706890069703 10.6409273147583 0
1706890069770 10.662199020385742 0
1706890069843 10.657695770263672 0
1706890069912 10.789911270141602 0
1706890069983 10.714974403381348 0
1706890070051 10.63391399383545 0
1706890070125 10.665976524353027 0
1706890070198 10.906819343566895 0
1706890070292 10.649806022644043 0
1706890070364 10.713568687438965 0
1706890070437 10.686663627624512 0
1706890070506 10.721609115600586 0
1706890070580 10.778111457824707 0
1706890070654 10.743200302124023 0
1706890070729 10.748050689697266 0
1706890070803 10.764378547668457 0
1706890070878 10.810877799987793 0
1706890070949 10.709622383117676 0
1706890071027 10.724077224731445 0
1706890071099 10.856348991394043 0
1706890071172 10.772626876831055 0
1706890071240 10.814834594726562 0
1706890071313 10.774697303771973 0
1706890071379 10.854456901550293 0
1706890071452 10.734219551086426 0
1706890071527 10.752120971679688 0
1706890071606 10.809234619140625 0
1706890071679 10.629128456115723 0
1706890071753 10.67827033996582 0
1706890071824 10.721029281616211 0
1706890071898 10.757635116577148 0
1706890071970 10.798039436340332 0
1706890072044 10.569869995117188 0
1706890072115 10.694830894470215 0
1706890072189 10.612449645996094 0
1706890072258 10.802330017089844 0
1706890072340 10.686041831970215 0
1706890072417 10.586137771606445 0
1706890072490 10.842672348022461 0
1706890072556 10.897180557250977 0
1706890072628 10.683539390563965 0
1706890072695 10.866837501525879 0
1706890072765 10.733219146728516 0
1706890072831 10.826356887817383 0
1706890072900 10.787494659423828 0
1706890072966 10.646184921264648 0
1706890073037 10.708213806152344 0
1706890073103 10.778484344482422 0
1706890073174 10.727445602416992 0
1706890073240 10.608683586120605 0
1706890073313 10.68782901763916 0
1706890073381 10.729057312011719 0
1706890073453 10.800905227661133 0
1706890073525 10.753750801086426 0
1706890073597 10.650331497192383 0
1706890073664 10.783353805541992 0
1706890073734 10.696688652038574 0
1706890073803 10.817136764526367 0
1706890073874 10.743782043457031 0
1706890073942 10.758136749267578 0
1706890074014 10.640277862548828 0
1706890074082 10.643315315246582 0
1706890074153 10.76292896270752 0
1706890074220 10.630184173583984 0
1706890074292 10.657559394836426 0
1706890074359 10.697004318237305 0
1706890074429 10.65699291229248 0
1706890074495 10.800544738769531 0
1706890074567 10.748960494995117 0
1706890074636 10.825642585754395 0
1706890074705 10.797626495361328 0
1706890074771 10.763622283935547 0
1706890074840 10.740377426147461 0
1706890074908 10.622477531433105 0
1706890074978 10.806097030639648 0
1706890075046 10.805622100830078 0
1706890075115 10.737279891967773 0
1706890075183 10.893463134765625 0
1706890075253 10.71015739440918 0
1706890075321 10.666275024414062 0
1706890075392 10.653404235839844 0
1706890075460 10.672181129455566 0
1706890075531 10.789872169494629 0
1706890075597 10.685935974121094 0
1706890075668 10.787790298461914 0
1706890075738 10.700270652770996 0
1706890075809 10.73615837097168 0
1706890075874 10.701116561889648 0
1706890075947 10.81021499633789 0
1706890076013 10.648775100708008 0
1706890076084 10.708131790161133 0
1706890076150 10.722108840942383 0
1706890076221 10.783537864685059 0
1706890076287 10.64202880859375 0
1706890076357 10.684014320373535 0
1706890076424 10.620264053344727 0
1706890076498 10.727046012878418 0
1706890076565 10.869305610656738 0
1706890076634 10.606220245361328 0
1706890076700 10.821453094482422 0
1706890076771 10.70741081237793 0
1706890076842 10.727749824523926 0
1706890076913 10.6034517288208 0
1706890076979 10.787374496459961 0
1706890077051 10.748022079467773 0
1706890077120 10.764183044433594 0
1706890077190 10.720329284667969 0
1706890077256 10.775667190551758 0
1706890077325 10.594959259033203 0
1706890077392 10.682305335998535 0
1706890077464 10.65562629699707 0
1706890077531 10.794489860534668 0
1706890077603 10.846521377563477 0
1706890077669 10.669599533081055 0
1706890077738 10.838878631591797 0
1706890077806 10.725519180297852 0
1706890077877 10.72945785522461 0
1706890077948 10.73031234741211 0
1706890078019 10.878217697143555 0
1706890078087 10.693350791931152 0
1706890078158 10.739326477050781 0
1706890078224 10.809305191040039 0
1706890078294 10.836897850036621 0
1706890078361 10.834369659423828 0
1706890078431 10.70393180847168 0
1706890078497 10.684826850891113 0
1706890078570 10.673075675964355 0
1706890078636 10.761192321777344 0
1706890078707 10.804583549499512 0
1706890078773 10.811856269836426 0
1706890078844 10.858773231506348 0
1706890078912 10.709341049194336 0
1706890078984 10.766618728637695 0
1706890079057 10.72382926940918 0
1706890079129 10.703193664550781 0
1706890079200 10.649102210998535 0
1706890079274 10.64236831665039 0
1706890079341 10.699474334716797 0
1706890079412 10.647296905517578 0
1706890079478 10.836441993713379 0
1706890079550 10.708559036254883 0
1706890079617 10.659579277038574 0
1706890079689 10.712678909301758 0
1706890079759 10.808978080749512 0
1706890079830 10.635106086730957 0
1706890079900 10.784409523010254 0
1706890079971 10.581513404846191 0
1706890080038 10.63981819152832 0
1706890080112 10.728501319885254 0
1706890080180 10.729791641235352 0
1706890080250 10.693890571594238 0
1706890080316 10.783586502075195 0
1706890080387 10.690052032470703 0
1706890080453 10.795073509216309 0
1706890080523 10.711191177368164 0
1706890080591 10.753485679626465 0
1706890080661 10.810037612915039 0
1706890080729 10.758783340454102 0
1706890080799 10.708599090576172 0
1706890080866 10.802842140197754 0
1706890080936 10.863032341003418 0
1706890081003 10.68077278137207 0
1706890081076 10.669503211975098 0
1706890081142 10.702556610107422 0
1706890081295 10.730854034423828 0
1706890081362 10.710031509399414 0
1706890081431 10.726840019226074 0
1706890081500 10.578554153442383 0
1706890081570 10.629213333129883 0
1706890081636 10.586528778076172 0
1706890081705 10.615199089050293 0
1706890081773 10.693290710449219 0
1706890081842 10.80573844909668 0
1706890081909 10.779876708984375 0
1706890081979 10.820053100585938 0
1706890082049 10.638505935668945 0
1706890082121 10.637276649475098 0
1706890082188 10.744909286499023 0
1706890082257 10.88097858428955 0
1706890082328 10.617410659790039 0
1706890082399 10.792436599731445 0
1706890082466 10.589200019836426 0
1706890082537 10.82202434539795 0
1706890082603 10.724963188171387 0
1706890082685 10.841242790222168 0
1706890082759 10.758787155151367 0
1706890082829 10.70652961730957 0
1706890082895 10.771567344665527 0
1706890082966 10.547346115112305 0
1706890083033 10.685192108154297 0
1706890083103 10.687296867370605 0
1706890083175 10.777650833129883 0
1706890083250 10.758495330810547 0
1706890083321 10.675116539001465 0
1706890083395 10.699835777282715 0
1706890083472 10.682504653930664 0
1706890083559 10.761457443237305 0
1706890083636 10.7063570022583 0
1706890083712 10.812708854675293 0
1706890083789 10.7005615234375 0
1706890083869 10.79929256439209 0
1706890083972 10.704099655151367 0
1706890084056 10.736736297607422 0
1706890084135 10.77005386352539 0
1706890084215 10.7847318649292 0
1706890084292 10.759254455566406 0
1706890084371 10.753439903259277 0
1706890084448 10.717020988464355 0
1706890084533 10.799226760864258 0
1706890084609 10.772218704223633 0
1706890084685 10.723888397216797 0
1706890084757 10.717612266540527 0
1706890084836 10.794679641723633 0
1706890084914 10.602554321289062 0
1706890084995 10.7618989944458 0
1706890085071 10.807626724243164 0
1706890085150 10.834956169128418 0
1706890085226 10.761726379394531 0
1706890085305 10.84154224395752 0
1706890085381 10.798828125 0
1706890085461 10.634263038635254 0
1706890085540 10.682300567626953 0
1706890085617 10.787642478942871 0
1706890085692 10.641852378845215 0
1706890085765 10.748442649841309 0
1706890085841 10.772773742675781 0
1706890085919 10.758296012878418 0
1706890085996 10.555184364318848 0
1706890086078 10.709157943725586 0
1706890086152 10.689720153808594 0
1706890086232 10.677714347839355 0
1706890086306 10.742342948913574 0
1706890086387 10.683988571166992 0
1706890086457 10.744030952453613 0
1706890086525 10.835700988769531 0
1706890086594 10.608316421508789 0
1706890086667 10.64057731628418 0
1706890086751 10.798676490783691 0
1706890086838 10.621960639953613 0
1706890086907 10.72883129119873 0
1706890086979 10.737462043762207 0
1706890087052 10.84985065460205 0
1706890087129 10.750143051147461 0
1706890087205 10.697297096252441 0
1706890087282 10.730390548706055 0
1706890087354 10.706535339355469 0
1706890087429 10.644978523254395 0
1706890087502 10.774505615234375 0
1706890087576 10.752402305603027 0
1706890087651 10.754412651062012 0
1706890087726 10.736069679260254 0
1706890087852 10.912446022033691 0
1706890087936 10.805595397949219 0
1706890088012 10.731602668762207 0
1706890088093 10.678339004516602 0
1706890088187 10.888181686401367 0
1706890088281 10.83738899230957 0
1706890088382 10.590712547302246 0
1706890088478 10.806488990783691 0
1706890088585 10.764436721801758 0
1706890088679 10.736637115478516 0
1706890088793 10.695042610168457 0
1706890088883 10.603456497192383 0
1706890088963 10.841376304626465 0
1706890089046 10.723427772521973 0
1706890089123 10.864547729492188 0
1706890089198 10.710939407348633 0
1706890089276 10.68310546875 0
1706890089346 10.811635971069336 0
1706890089412 10.616438865661621 0
1706890089482 10.739556312561035 0
1706890089550 10.850998878479004 0
1706890089619 10.789502143859863 0
1706890089692 10.69648265838623 0
1706890089764 10.7413330078125 0
1706890089839 10.715847969055176 0
1706890089912 10.640205383300781 0
1706890089979 10.668917655944824 0
1706890090049 10.802942276000977 0
1706890090116 10.742587089538574 0
1706890090192 10.767879486083984 0
1706890090263 10.763520240783691 0
1706890090334 10.94968318939209 0
1706890090404 10.72087287902832 0
1706890090473 10.80583667755127 0
1706890090541 10.752140998840332 0
1706890090613 10.756441116333008 0
1706890090684 10.67757797241211 0
1706890090758 10.825689315795898 0
1706890090825 10.832197189331055 0
1706890090897 10.675690650939941 0
1706890090971 10.556846618652344 0
1706890091043 10.84793472290039 0
1706890091115 10.75633430480957 0
1706890091190 10.674823760986328 0
1706890091267 10.641993522644043 0
1706890091350 10.829981803894043 0
1706890091423 10.67935562133789 0
1706890091499 10.704490661621094 0
1706890091569 10.78429126739502 0
1706890091685 10.735773086547852 0
1706890091774 10.592114448547363 0
1706890091865 10.810137748718262 0
1706890091951 10.631596565246582 0
1706890092026 10.783047676086426 0
1706890092096 10.760002136230469 0
1706890092166 10.857422828674316 0
1706890092232 10.707493782043457 0
1706890092303 10.644020080566406 0
1706890092375 10.688620567321777 0
1706890092455 10.722039222717285 0
1706890092527 10.808234214782715 0
1706890092600 10.680660247802734 0
1706890092672 10.66528034210205 0
1706890092746 10.59288501739502 0
1706890092817 10.729581832885742 0
1706890092888 10.725643157958984 0
1706890092959 10.780887603759766 0
1706890093050 10.758277893066406 0
1706890093131 10.756280899047852 0
1706890093228 10.788936614990234 0
1706890093324 10.742225646972656 0
1706890093424 10.644015312194824 0
1706890093505 10.859333992004395 0
1706890093588 10.630147933959961 0
1706890093661 10.766758918762207 0
1706890093737 10.715066909790039 0
1706890093809 10.669458389282227 0
1706890093885 10.637436866760254 0
1706890093984 10.61355209350586 0
1706890094075 10.739541053771973 0
1706890094255 10.696497917175293 0
1706890094501 10.700323104858398 0
1706890094644 10.638351440429688 0
1706890094894 10.782609939575195 0
1706890094975 10.555529594421387 0
1706890095051 10.582313537597656 0
1706890095126 10.71989917755127 0
1706890095204 10.84631061553955 0
1706890095275 10.74753475189209 0
1706890095348 10.816854476928711 0
1706890095417 10.570273399353027 0
1706890095497 10.671419143676758 0
1706890095578 10.71037483215332 0
1706890095655 10.679475784301758 0
1706890095729 10.680721282958984 0
1706890095807 10.734064102172852 0
1706890095878 10.686723709106445 0
1706890095954 10.721846580505371 0
1706890096024 10.728811264038086 0
1706890096098 10.785452842712402 0
1706890096176 10.67893123626709 0
1706890096251 10.77970027923584 0
1706890096325 10.601058006286621 0
1706890096404 10.621916770935059 0
1706890096478 10.681434631347656 0
1706890096567 10.776392936706543 0
1706890096642 10.68018913269043 0
1706890096714 10.800176620483398 0
1706890096784 10.758220672607422 0
1706890096861 10.702507972717285 0
1706890096929 10.813188552856445 0
1706890096998 10.666132926940918 0
1706890097069 10.69100570678711 0
1706890097195 10.650341987609863 0
1706890097261 10.821432113647461 0
1706890097330 10.777527809143066 0
1706890097398 10.756659507751465 0
1706890097469 10.71360969543457 0
1706890097539 10.782350540161133 0
1706890097614 10.63280963897705 0
1706890097692 10.711369514465332 0
1706890097771 10.733060836791992 0
1706890097845 10.812472343444824 0
1706890097924 10.934146881103516 0
1706890098008 10.81356430053711 0
1706890098093 10.823911666870117 0
1706890098167 10.666004180908203 0
1706890098243 10.768277168273926 0
1706890098318 10.769000053405762 0
1706890098400 10.825324058532715 0
1706890098491 10.726033210754395 0
1706890098574 10.714080810546875 0
1706890098640 10.817326545715332 0
1706890098712 10.659467697143555 0
1706890098779 10.777491569519043 0
1706890098852 10.855977058410645 0
1706890098924 10.718647956848145 0
1706890098999 10.705729484558105 0
1706890099071 10.769449234008789 0
1706890099151 10.73373794555664 0
1706890099222 10.790772438049316 0
1706890099295 10.629927635192871 0
1706890099364 10.78253173828125 0
1706890099436 10.745635032653809 0
1706890099508 10.816081047058105 0
1706890099582 10.739213943481445 0
1706890099649 10.735533714294434 0
1706890099725 10.670991897583008 0
1706890099796 10.671259880065918 0
1706890099868 10.717772483825684 0
1706890099942 10.897522926330566 0
1706890100016 10.746415138244629 0
1706890100090 10.737212181091309 0
1706890100165 10.780585289001465 0
1706890100240 10.691729545593262 0
1706890100323 10.810773849487305 0
1706890100394 10.816429138183594 0
1706890100467 10.702539443969727 0
1706890100538 10.664306640625 0
1706890100612 10.613239288330078 0
1706890100683 10.740721702575684 0
1706890100761 10.683603286743164 0
1706890100838 10.733064651489258 0
1706890100918 10.711057662963867 0
1706890100991 10.66677474975586 0
1706890101080 10.83031940460205 0
1706890101151 10.730587005615234 0
1706890101220 10.72447681427002 0
1706890101287 10.751957893371582 0
1706890101357 10.797636985778809 0
1706890101430 10.776071548461914 0
1706890101506 10.717494010925293 0
1706890101578 10.704419136047363 0
1706890101652 10.765597343444824 0
1706890101725 10.751591682434082 0
1706890101807 10.729050636291504 0
1706890101887 10.62466812133789 0
1706890101961 10.626800537109375 0
1706890102032 10.813762664794922 0
1706890102107 10.677165031433105 0
1706890102179 10.761528968811035 0
1706890102253 10.664341926574707 0
1706890102324 10.723291397094727 0
1706890102399 10.800201416015625 0
1706890102470 10.665680885314941 0
1706890102561 10.833126068115234 0
1706890102638 10.702662467956543 0
1706890102724 10.862081527709961 0
1706890102795 10.79916000366211 0
1706890102863 10.66585922241211 0
1706890102930 10.702945709228516 0
1706890102999 10.663264274597168 0
1706890103067 10.771451950073242 0
1706890103140 10.866349220275879 0
1706890103212 10.760231018066406 0
1706890103284 10.82780933380127 0
1706890103352 10.752455711364746 0
1706890103421 10.813408851623535 0
1706890103494 10.751714706420898 0
1706890103573 10.67590045928955 0
1706890103648 10.637882232666016 0
1706890103729 10.645018577575684 0
1706890103804 10.780455589294434 0
1706890103879 10.591848373413086 0
1706890103956 10.826021194458008 0
1706890104032 10.73896312713623 0
1706890104112 10.694561958312988 0
1706890104188 10.681596755981445 0
1706890104261 10.701088905334473 0
1706890104342 10.737142562866211 0
1706890104413 10.714543342590332 0
1706890104486 10.63967514038086 0
1706890104562 10.856350898742676 0
1706890104638 10.743318557739258 0
1706890104715 10.794029235839844 0
1706890104795 10.863003730773926 0
1706890104868 10.705663681030273 0
1706890104943 10.627362251281738 0
1706890105019 10.766566276550293 0
1706890105097 10.72579574584961 0
1706890105224 10.795594215393066 0
1706890105302 10.79301929473877 0
1706890105402 10.630406379699707 0
1706890105492 10.58713150024414 0
1706890105582 10.732246398925781 0
1706890105660 10.709717750549316 0
1706890105740 10.808809280395508 0
1706890105848 10.612532615661621 0
1706890105957 10.681400299072266 0
1706890106049 10.8529634475708 0
1706890106134 10.875514030456543 0
1706890106220 10.651701927185059 0
1706890106299 10.66897201538086 0
1706890106407 10.788172721862793 0
1706890106482 10.767363548278809 0
1706890106556 10.851325988769531 0
1706890106625 10.760708808898926 0
1706890106698 10.684917449951172 0
1706890106773 10.57241439819336 0
1706890106850 10.775984764099121 0
1706890106922 10.673877716064453 0
1706890106992 10.588231086730957 0
1706890107064 10.76959228515625 0
1706890107140 10.704051971435547 0
1706890107211 10.788990020751953 0
1706890107282 10.681769371032715 0
1706890107352 10.892664909362793 0
1706890107425 10.838412284851074 0
1706890107499 10.753868103027344 0
1706890107572 10.72358512878418 0
1706890107648 10.754165649414062 0
1706890107727 10.853002548217773 0
1706890107802 10.77221965789795 0
1706890107881 10.698488235473633 0
1706890107958 10.78844928741455 0
1706890108034 10.766674041748047 0
1706890108107 10.636683464050293 0
1706890108190 10.738856315612793 0
1706890108269 10.689501762390137 0
1706890108349 10.739338874816895 0
1706890108423 10.675618171691895 0
1706890108495 10.62398910522461 0
1706890108572 10.878153800964355 0
1706890108653 10.763423919677734 0
1706890108744 10.832802772521973 0
1706890108815 10.611749649047852 0
1706890108885 10.86518383026123 0
1706890108954 10.726964950561523 0
1706890109022 10.711976051330566 0
1706890109095 10.723740577697754 0
1706890109162 10.560068130493164 0
1706890109234 10.664117813110352 0
1706890109308 10.613682746887207 0
1706890109390 10.7571439743042 0
1706890109459 10.795818328857422 0
1706890109530 10.723906517028809 0
1706890109598 10.813031196594238 0
1706890109668 10.610041618347168 0
1706890109736 10.856256484985352 0
1706890109816 10.73008918762207 0
1706890109893 10.753222465515137 0
1706890109970 10.796908378601074 0
1706890110046 10.674983024597168 0
1706890110130 10.746725082397461 0
1706890110202 10.642105102539062 0
1706890110278 10.779362678527832 0
1706890110348 10.652755737304688 0
1706890110422 10.834084510803223 0
1706890110499 10.731902122497559 0
1706890110575 10.721033096313477 0
1706890110656 10.758946418762207 0
1706890110735 10.73813247680664 0
1706890110810 10.791115760803223 0
1706890110886 10.707625389099121 0
1706890110959 10.75485897064209 0
1706890111035 10.755162239074707 0
1706890111114 10.665868759155273 0
1706890111199 10.63946533203125 0
1706890111275 10.801547050476074 0
1706890111358 10.490421295166016 0
1706890111431 10.701467514038086 0
1706890111508 10.718623161315918 0
1706890111583 10.676578521728516 0
1706890111657 10.672679901123047 0
1706890111730 10.836443901062012 0
1706890111807 10.682802200317383 0
1706890111881 10.606473922729492 0
1706890111958 10.758310317993164 0
1706890112037 10.847582817077637 0
1706890112229 10.718635559082031 0
1706890112302 10.856069564819336 0
1706890112377 10.63398265838623 0
1706890112448 10.692240715026855 0
1706890112524 10.800309181213379 0
1706890112601 10.76396656036377 0
1706890112690 10.743524551391602 0
1706890112777 10.681279182434082 0
1706890112855 10.69528579711914 0
1706890112929 10.694221496582031 0
1706890113007 10.738357543945312 0
1706890113085 10.706009864807129 0
1706890113162 10.779411315917969 0
1706890113230 10.753893852233887 0
1706890113306 10.601700782775879 0
1706890113384 10.759645462036133 0
1706890113495 10.754412651062012 0
1706890113628 10.872017860412598 0
1706890113726 10.746688842773438 0
1706890113800 10.604028701782227 0
1706890113880 10.816080093383789 0
1706890113957 10.814690589904785 0
1706890114035 10.853934288024902 0
1706890114111 10.742358207702637 0
1706890114192 10.63604736328125 0
1706890114268 10.813409805297852 0
1706890114352 10.691827774047852 0
1706890114431 10.738798141479492 0
1706890114510 10.715383529663086 0
1706890114586 10.718591690063477 0
1706890114663 10.671716690063477 0
1706890114733 10.796587944030762 0
1706890114807 10.676112174987793 0
1706890114876 10.648002624511719 0
1706890114950 10.874356269836426 0
1706890115022 10.655427932739258 0
1706890115093 10.830099105834961 0
1706890115163 10.77316951751709 0
1706890115237 10.804547309875488 0
1706890115309 10.62583065032959 0
1706890115389 10.649358749389648 0
1706890115462 10.790755271911621 0
1706890115541 10.629132270812988 0
1706890115613 10.671364784240723 0
1706890115693 10.663898468017578 0
1706890115769 10.660184860229492 0
1706890115845 10.699727058410645 0
1706890115919 10.657939910888672 0
1706890115996 10.759477615356445 0
1706890116076 10.591280937194824 0
1706890116157 10.831049919128418 0
1706890116231 10.702757835388184 0
1706890116308 10.696247100830078 0
1706890116381 10.664567947387695 0
1706890116459 10.742023468017578 0
1706890116534 10.576704025268555 0
1706890116613 10.674384117126465 0
1706890116683 10.617756843566895 0
1706890116754 10.663228034973145 0
1706890116828 10.776447296142578 0
1706890116904 10.736674308776855 0
1706890116977 10.686551094055176 0
1706890117054 10.821948051452637 0
1706890117126 10.662335395812988 0
1706890117214 10.78693962097168 0
1706890117287 10.71949577331543 0
1706890117360 10.75868034362793 0
1706890117433 10.795944213867188 0
1706890117506 10.80886173248291 0
1706890117577 10.760649681091309 0
1706890117651 10.729586601257324 0
1706890117719 10.703058242797852 0
1706890117790 10.552515983581543 0
1706890117858 10.730283737182617 0
1706890117935 10.654029846191406 0
1706890118008 10.790743827819824 0
1706890118084 10.895509719848633 0
1706890118153 10.596722602844238 0
1706890118232 10.695350646972656 0
1706890118308 10.722176551818848 0
1706890118384 10.903565406799316 0
1706890118455 10.727216720581055 0
1706890118530 10.732841491699219 0
1706890118597 10.700628280639648 0
1706890118671 10.654391288757324 0
1706890118746 10.73415470123291 0
1706890118817 10.839399337768555 0
1706890118892 10.811056137084961 0
1706890118972 10.709956169128418 0
1706890119055 10.641114234924316 0
1706890119136 10.728608131408691 0
1706890119209 10.71053695678711 0
1706890119283 10.678144454956055 0
1706890119371 10.707247734069824 0
1706890119449 10.678677558898926 0
1706890119528 10.78486156463623 0
1706890119601 10.612649917602539 0
1706890119673 10.875155448913574 0
1706890119746 10.704400062561035 0
1706890119816 10.738837242126465 0
1706890119900 10.735260963439941 0
1706890119977 10.831525802612305 0
1706890120060 10.69446086883545 0
1706890120136 10.675225257873535 0
1706890120212 10.68234920501709 0
1706890120283 10.81229019165039 0
1706890120355 10.709060668945312 0
1706890120423 10.66942310333252 0
1706890120494 10.760828018188477 0
1706890120567 10.670069694519043 0
1706890120645 10.845332145690918 0
1706890120715 10.664894104003906 0
1706890120785 10.677593231201172 0
1706890120856 10.642637252807617 0
1706890120934 10.671504020690918 0
1706890121009 10.691100120544434 0
1706890121090 10.71660041809082 0
1706890121165 10.621552467346191 0
1706890121240 10.61318302154541 0
1706890121346 10.846381187438965 0
1706890121423 10.742329597473145 0
1706890121497 10.749124526977539 0
1706890121565 10.638803482055664 0
1706890121639 10.72641372680664 0
1706890121736 10.63951587677002 0
1706890121819 10.770047187805176 0
1706890121898 10.727533340454102 0
1706890121978 10.69507122039795 0
1706890122055 10.816816329956055 0
1706890122125 10.614336967468262 0
1706890122208 10.770369529724121 0
1706890122310 10.703592300415039 0
1706890122405 10.726563453674316 0
1706890122482 10.719616889953613 0
1706890122555 10.67387580871582 0
1706890122625 10.698771476745605 0
1706890122700 10.614038467407227 0
1706890122775 10.767525672912598 0
1706890122864 10.740864753723145 0
1706890122953 10.628823280334473 0
1706890123029 10.708118438720703 0
1706890123101 10.463363647460938 0
1706890123177 10.761748313903809 0
1706890123252 10.70600414276123 0
1706890123328 10.644121170043945 0
1706890123402 10.801674842834473 0
1706890123476 10.756887435913086 0
1706890123551 10.695516586303711 0
1706890123630 10.830970764160156 0
1706890123705 10.594303131103516 0
1706890123783 10.839139938354492 0
1706890123857 10.707260131835938 0
1706890123936 10.750137329101562 0
1706890124012 10.731307983398438 0
1706890124093 10.764100074768066 0
1706890124171 10.709712028503418 0
1706890124249 10.722043991088867 0
1706890124320 10.762545585632324 0
1706890124397 10.708794593811035 0
1706890124475 10.764403343200684 0
1706890124551 10.691664695739746 0
1706890124624 10.643030166625977 0
1706890124702 10.706315040588379 0
1706890124785 10.795665740966797 0
1706890124868 10.817065238952637 0
1706890124946 10.777458190917969 0
1706890125022 10.756500244140625 0
1706890125095 10.686015129089355 0
1706890125172 10.685684204101562 0
1706890125252 10.678468704223633 0
1706890125326 10.725272178649902 0
1706890125397 10.744539260864258 0
1706890125473 10.697931289672852 0
1706890125546 10.705888748168945 0
1706890125619 10.64450454711914 0
1706890125690 10.762243270874023 0
1706890125767 10.50625228881836 0
1706890125845 10.645462989807129 0
1706890125930 10.671544075012207 0
1706890126006 10.759302139282227 0
1706890126076 10.729180335998535 0
1706890126144 10.807571411132812 0
1706890126215 10.780550003051758 0
1706890126285 10.757933616638184 0
1706890126363 10.69685173034668 0
1706890126435 10.80322265625 0
1706890126514 10.69725227355957 0
1706890126595 10.701996803283691 0
1706890126682 10.71594524383545 0
1706890126757 10.752259254455566 0
1706890126833 10.693906784057617 0
1706890126907 10.665706634521484 0
1706890126983 10.641231536865234 0
1706890127055 10.727842330932617 0
1706890127131 10.582841873168945 0
1706890127206 10.687158584594727 0
1706890127282 10.69107437133789 0
1706890127357 10.646754264831543 0
1706890127435 10.622880935668945 0
1706890127515 10.704733848571777 0
1706890127596 10.780594825744629 0
1706890127675 10.735766410827637 0
1706890127754 10.632140159606934 0
1706890127830 10.68643856048584 0
1706890127918 10.692461967468262 0
1706890127987 10.705365180969238 0
1706890128061 10.7607421875 0
1706890128137 10.73855972290039 0
1706890128217 10.756987571716309 0
1706890128295 10.698992729187012 0
1706890128374 10.705429077148438 0
1706890128447 10.83053207397461 0
1706890128524 10.862601280212402 0
1706890128607 10.663289070129395 0
1706890128684 10.78794002532959 0
1706890128763 10.739665031433105 0
1706890128842 10.594300270080566 0
1706890128920 10.638467788696289 0
1706890128994 10.8666410446167 0
1706890129073 10.73232650756836 0
1706890129150 10.661158561706543 0
1706890129224 10.710453987121582 0
1706890129379 10.643348693847656 0
1706890129477 10.566983222961426 0
1706890129565 10.644441604614258 0
1706890129636 10.768927574157715 0
1706890129718 10.709142684936523 0
1706890129804 10.681278228759766 0
1706890129879 10.665438652038574 0
1706890129948 10.772287368774414 0
1706890130025 10.74039077758789 0
1706890130100 10.657624244689941 0
1706890130177 10.873732566833496 0
1706890130244 10.623617172241211 0
1706890130316 10.597661018371582 0
1706890130383 10.600706100463867 0
1706890130458 10.644243240356445 0
1706890130527 10.82614803314209 0
1706890130601 10.6583251953125 0
1706890130669 10.757784843444824 0
1706890130742 10.614832878112793 0
1706890130808 10.724010467529297 0
1706890130885 10.643860816955566 0
1706890130955 10.576175689697266 0
1706890131026 10.865729331970215 0
1706890131097 10.744808197021484 0
1706890131167 10.797689437866211 0
1706890131236 10.723654747009277 0
1706890131306 10.78453540802002 0
1706890131375 10.676177978515625 0
1706890131445 10.660704612731934 0
1706890131506 10.954937934875488 0
1706890131606 10.716019630432129 0
1706890131673 10.68222713470459 0
1706890131746 10.739166259765625 0
1706890131812 10.729602813720703 0
1706890131883 10.66680908203125 0
1706890131952 10.601705551147461 0
1706890132031 10.845051765441895 0
1706890132099 10.608375549316406 0
1706890132170 10.773527145385742 0
1706890132240 10.892577171325684 0
1706890132310 10.76826286315918 0
1706890132379 10.659229278564453 0
1706890132453 10.785573959350586 0
1706890132521 10.771076202392578 0
1706890132595 10.610339164733887 0
1706890132663 10.620713233947754 0
1706890132735 10.706109046936035 0
1706890132806 10.735312461853027 0
1706890132891 10.783219337463379 0
1706890132960 10.610090255737305 0
1706890133033 10.728086471557617 0
1706890133103 10.654546737670898 0
1706890133186 10.664639472961426 0
1706890133255 10.775278091430664 0
1706890133329 10.597811698913574 0
1706890133397 10.583008766174316 0
1706890133468 10.587797164916992 0
1706890133534 10.796675682067871 0
1706890133604 10.71248722076416 0
1706890133672 10.732351303100586 0
1706890133743 10.671867370605469 0
1706890133810 10.769439697265625 0
1706890133881 10.815129280090332 0
1706890133949 10.634944915771484 0
1706890134022 10.890729904174805 0
1706890134096 10.836688995361328 0
1706890134167 10.633156776428223 0
1706890134238 10.76170825958252 0
1706890134317 10.746082305908203 0
1706890134389 10.669297218322754 0
1706890134464 10.77149486541748 0
1706890134536 10.754374504089355 0
1706890134608 10.651601791381836 0
1706890134676 10.699026107788086 0
1706890134747 10.845820426940918 0
1706890134813 10.65682315826416 0
1706890134883 10.746573448181152 0
1706890134950 10.6947021484375 0
1706890135023 10.70966911315918 0
1706890135096 10.702376365661621 0
1706890135185 10.803257942199707 0
1706890135253 10.648701667785645 0
1706890135324 10.72161865234375 0
1706890135394 10.746261596679688 0
1706890135479 10.746393203735352 0
1706890135550 10.735066413879395 0
1706890135646 10.74405288696289 0
1706890135718 10.675725936889648 0
1706890135793 10.686702728271484 0
1706890135865 10.791674613952637 0
1706890135938 10.752198219299316 0
1706890136006 10.748286247253418 0
1706890136081 10.677031517028809 0
1706890136153 10.74181079864502 0
1706890136240 10.695112228393555 0
1706890136307 10.632394790649414 0
1706890136380 10.638181686401367 0
1706890136449 10.823898315429688 0
1706890136521 10.668086051940918 0
1706890136595 10.756001472473145 0
1706890136668 10.692781448364258 0
1706890136737 10.664775848388672 0
1706890136809 10.70557689666748 0
1706890136877 10.604560852050781 0
1706890136949 10.775466918945312 0
1706890137017 10.781113624572754 0
1706890137089 10.75383472442627 0
1706890137157 10.725798606872559 0
1706890137229 10.634305000305176 0
1706890137302 10.713245391845703 0
1706890137382 10.837617874145508 0
1706890137457 10.755383491516113 0
1706890137533 10.703606605529785 0
1706890137611 10.616783142089844 0
1706890137694 10.650151252746582 0
1706890137774 10.927535057067871 0
1706890137854 10.756867408752441 0
1706890137929 10.726967811584473 0
1706890138010 10.641300201416016 0
1706890138086 10.721384048461914 0
1706890138162 10.636164665222168 0
1706890138237 10.614739418029785 0
1706890138311 10.581762313842773 0
1706890138384 10.73084545135498 0
1706890138462 10.600685119628906 0
1706890138530 10.722411155700684 0
1706890138604 10.703570365905762 0
1706890138675 10.862849235534668 0
1706890138750 10.71352481842041 0
1706890138831 10.772934913635254 0
1706890138907 10.716826438903809 0
1706890138983 10.707428932189941 0
1706890139067 10.595569610595703 0
1706890139144 10.815494537353516 0
1706890139221 10.882445335388184 0
1706890139293 10.648627281188965 0
1706890139389 10.645391464233398 0
1706890139469 10.71589183807373 0
1706890139550 10.736214637756348 0
1706890139625 10.790699005126953 0
1706890139704 10.670491218566895 0
1706890139780 10.7352294921875 0
1706890139859 10.736456871032715 0
1706890139945 10.771197319030762 0
1706890140035 10.67860221862793 0
1706890140114 10.696131706237793 0
1706890140195 10.629569053649902 0
1706890140282 10.78381633758545 0
1706890140376 10.852193832397461 0
1706890140463 10.719218254089355 0
1706890140545 10.658507347106934 0
1706890140620 10.672772407531738 0
1706890140697 10.747977256774902 0
1706890140794 10.681336402893066 0
1706890140882 10.701837539672852 0
1706890140952 10.502979278564453 0
1706890141029 10.698838233947754 0
1706890141104 10.744222640991211 0
1706890141183 10.648927688598633 0
1706890141256 10.607458114624023 0
1706890141410 10.763511657714844 0
1706890141493 10.70899486541748 0
1706890141578 10.66222858428955 0
1706890141660 10.753816604614258 0
1706890141744 10.796573638916016 0
1706890141818 10.858405113220215 0
1706890141898 10.701583862304688 0
1706890141977 10.671391487121582 0
1706890142059 10.617693901062012 0
1706890142136 10.668496131896973 0
1706890142217 10.77532958984375 0
1706890142335 10.691675186157227 0
1706890142419 10.596583366394043 0
1706890142501 10.727873802185059 0
1706890142579 10.74586296081543 0
1706890142661 10.692501068115234 0
1706890142779 10.606064796447754 0
1706890142855 10.693509101867676 0
1706890142933 10.67129135131836 0
1706890143006 10.773833274841309 0
1706890143083 10.77560806274414 0
1706890143163 10.835686683654785 0
1706890143236 10.79723072052002 0
1706890143309 10.583732604980469 0
1706890143380 10.680420875549316 0
1706890143459 10.770060539245605 0
1706890143533 10.591206550598145 0
1706890143602 10.610320091247559 0
1706890143675 10.789253234863281 0
1706890143745 10.699828147888184 0
1706890143814 10.704961776733398 0
1706890143882 10.713386535644531 0
1706890143954 10.614195823669434 0
1706890144022 10.725678443908691 0
1706890144098 10.637393951416016 0
1706890144166 10.858190536499023 0
1706890144236 10.758509635925293 0
1706890144305 10.66839599609375 0
1706890144375 10.718013763427734 0
1706890144441 10.779735565185547 0
1706890144513 10.520805358886719 0
1706890144587 10.84878921508789 0
1706890144670 10.645028114318848 0
1706890144746 10.783488273620605 0
1706890144820 10.702186584472656 0
1706890144898 10.598062515258789 0
1706890144975 10.728372573852539 0
1706890145049 10.730668067932129 0
1706890145127 10.615813255310059 0
1706890145201 10.738842964172363 0
1706890145273 10.7510404586792 0
1706890145340 10.73852252960205 0
1706890145413 10.643159866333008 0
1706890145486 10.70132827758789 0
1706890145562 10.813932418823242 0
1706890145639 10.731772422790527 0
1706890145723 10.741496086120605 0
1706890145798 10.685344696044922 0
1706890145870 10.621885299682617 0
1706890145940 10.772636413574219 0
1706890146015 10.693316459655762 0
1706890146142 10.730581283569336 0
1706890146217 10.575715065002441 0
1706890146290 10.64641284942627 0
1706890146365 10.747346878051758 0
1706890146436 10.722307205200195 0
1706890146509 10.684450149536133 0
1706890146576 10.73385238647461 0
1706890146648 10.728387832641602 0
1706890146717 10.710366249084473 0
1706890146821 10.62639331817627 0
1706890146897 10.690103530883789 0
1706890146973 10.688076972961426 0
1706890147046 10.533507347106934 0
1706890147119 10.669520378112793 0
1706890147191 10.72183609008789 0
1706890147268 10.812110900878906 0
1706890147343 10.746808052062988 0
1706890147417 10.777728080749512 0
1706890147491 10.733002662658691 0
1706890147564 10.686859130859375 0
1706890147633 10.8245849609375 0
1706890147707 10.721963882446289 0
1706890147775 10.675923347473145 0
1706890147848 10.650769233703613 0
1706890147921 10.654143333435059 0
1706890147996 10.842368125915527 0
1706890148068 10.550066947937012 0
1706890148144 10.770445823669434 0
1706890148220 10.737107276916504 0
1706890148296 10.539164543151855 0
1706890148369 10.604963302612305 0
1706890148447 10.826945304870605 0
1706890148515 10.612849235534668 0
1706890148590 10.724893569946289 0
1706890148661 10.644949913024902 0
1706890148737 10.55940055847168 0
1706890148812 10.686525344848633 0
1706890148893 10.712611198425293 0
1706890148977 10.695976257324219 0
1706890149067 10.66164493560791 0
1706890149144 10.695738792419434 0
1706890149224 10.796045303344727 0
1706890149303 10.73215389251709 0
1706890149386 10.649530410766602 0
1706890149478 10.800180435180664 0
1706890149566 10.769869804382324 0
1706890149640 10.695779800415039 0
1706890149716 10.700634002685547 0
1706890149788 10.68468952178955 0
1706890149865 10.626190185546875 0
1706890149932 10.790142059326172 0
1706890150005 10.736364364624023 0
1706890150082 10.815777778625488 0
1706890150165 10.752957344055176 0
1706890150253 10.694965362548828 0
1706890150332 10.881258964538574 0
1706890150402 10.593334197998047 0
1706890150479 10.675186157226562 0
1706890150553 10.748476028442383 0
1706890150627 10.625211715698242 0
1706890150698 10.716754913330078 0
1706890150771 10.530306816101074 0
1706890150845 10.741385459899902 0
1706890150920 10.65140438079834 0
1706890150995 10.669323921203613 0
1706890151071 10.626153945922852 0
1706890151144 10.759078025817871 0
1706890151220 10.76734447479248 0
1706890151292 10.568016052246094 0
1706890151376 10.682951927185059 0
1706890151454 10.674671173095703 0
1706890151558 10.615653038024902 0
1706890151630 10.790454864501953 0
1706890151704 10.749212265014648 0
1706890151779 10.699172973632812 0
1706890151852 10.942655563354492 0
1706890151921 10.744355201721191 0
1706890151991 10.65654468536377 0
1706890152061 10.77440357208252 0
1706890152132 10.683207511901855 0
1706890152203 10.717008590698242 0
1706890152279 10.781269073486328 0
1706890152356 10.725769996643066 0
1706890152429 10.712688446044922 0
1706890152503 10.662165641784668 0
1706890152588 10.704889297485352 0
1706890152663 10.750741004943848 0
1706890152739 10.816139221191406 0
1706890152811 10.670064926147461 0
1706890152886 10.705742835998535 0
1706890152956 10.755345344543457 0
1706890153027 10.60204029083252 0
1706890153095 10.660999298095703 0
1706890153166 10.60909652709961 0
1706890153233 10.682069778442383 0
1706890153304 10.733631134033203 0
1706890153371 10.624849319458008 0
1706890153442 10.541668891906738 0
1706890153509 10.624541282653809 0
1706890153580 10.757243156433105 0
1706890153649 10.658726692199707 0
1706890153724 10.646452903747559 0
1706890153795 10.499181747436523 0
1706890153866 10.732518196105957 0
1706890153932 10.779489517211914 0
1706890154003 10.561366081237793 0
1706890154099 10.786364555358887 0
1706890154173 10.709487915039062 0
1706890154242 10.653646469116211 0
1706890154312 10.965365409851074 0
1706890154382 10.686738967895508 0
1706890154452 10.701873779296875 0
1706890154521 10.69129467010498 0
1706890154593 10.612954139709473 0
1706890154662 10.639713287353516 0
1706890154739 10.729434967041016 0
1706890154811 10.636329650878906 0
1706890154885 10.68944263458252 0
1706890154954 10.679153442382812 0
1706890155026 10.676387786865234 0
1706890155095 10.620965957641602 0
1706890155169 10.576556205749512 0
1706890155239 10.607812881469727 0
1706890155320 10.705049514770508 0
1706890155392 10.668427467346191 0
1706890155468 10.714571952819824 0
1706890155540 10.724081993103027 0
1706890155670 10.87134075164795 0
1706890155772 10.658666610717773 0
1706890155848 10.703487396240234 0
1706890155929 10.612366676330566 0
1706890156011 10.693782806396484 0
1706890156084 10.746515274047852 0
1706890156162 10.698225975036621 0
1706890156236 10.86378288269043 0
1706890156310 10.6898775100708 0
1706890156383 10.741437911987305 0
1706890156457 10.692585945129395 0
1706890156529 10.71056079864502 0
1706890156605 10.70127010345459 0
1706890156678 10.712512016296387 0
1706890156755 10.659500122070312 0
1706890156825 10.740938186645508 0
1706890156898 10.85831069946289 0
1706890156972 10.666535377502441 0
1706890157042 10.763952255249023 0
1706890157115 10.655415534973145 0
1706890157187 10.799641609191895 0
1706890157258 10.806541442871094 0
1706890157327 10.793334007263184 0
1706890157394 10.508082389831543 0
1706890157468 10.700056076049805 0
1706890157538 10.678295135498047 0
1706890157609 10.740323066711426 0
1706890157677 10.667154312133789 0
1706890157749 10.629592895507812 0
1706890157816 10.744174003601074 0
1706890157887 10.632366180419922 0
1706890157956 10.520442962646484 0
1706890158028 10.706488609313965 0
1706890158105 10.730791091918945 0
1706890158187 10.682600021362305 0
1706890158269 10.682668685913086 0
1706890158346 10.680777549743652 0
1706890158416 10.60525894165039 0
1706890158497 10.723050117492676 0
1706890158577 10.54574203491211 0
1706890158654 10.770599365234375 0
1706890158726 10.764006614685059 0
1706890158799 10.73597240447998 0
1706890158869 10.902148246765137 0
1706890158942 10.711896896362305 0
1706890159013 10.73033332824707 0
1706890159098 10.7407808303833 0
1706890159176 10.729820251464844 0
1706890159247 10.766003608703613 0
1706890159318 10.659136772155762 0
1706890159398 10.692139625549316 0
1706890159472 10.676681518554688 0
1706890159547 10.697288513183594 0
1706890159621 10.67940616607666 0
1706890159699 10.714521408081055 0
1706890159771 10.618415832519531 0
1706890159848 10.693943977355957 0
1706890159926 10.749631881713867 0
1706890160001 10.770783424377441 0
1706890160073 10.725232124328613 0
1706890160151 10.659746170043945 0
1706890160224 10.696771621704102 0
1706890160299 10.754908561706543 0
1706890160378 10.763980865478516 0
1706890160456 10.579842567443848 0
1706890160528 10.65941047668457 0
1706890160597 10.614486694335938 0
1706890160666 10.625636100769043 0
1706890160740 10.634949684143066 0
1706890160812 10.642791748046875 0
1706890160885 10.767051696777344 0
1706890160954 10.528629302978516 0
1706890161027 10.799325942993164 0
1706890161095 10.818795204162598 0
1706890161165 10.686890602111816 0
1706890161232 10.696479797363281 0
1706890161302 10.808956146240234 0
1706890161371 10.736976623535156 0
1706890161441 10.76878833770752 0
1706890161508 10.631627082824707 0
1706890161590 10.696992874145508 0
1706890161667 10.699666023254395 0
1706890161737 10.707319259643555 0
1706890161809 10.771324157714844 0
1706890161881 10.735333442687988 0
1706890161950 10.76970100402832 0
1706890162021 10.745869636535645 0
1706890162088 10.680375099182129 0
1706890162159 10.81137466430664 0
1706890162229 10.719869613647461 0
1706890162346 10.814882278442383 0
1706890162422 10.78737735748291 0
1706890162497 10.831804275512695 0
1706890162571 10.54683780670166 0
1706890162651 10.648651123046875 0
1706890162720 10.769488334655762 0
1706890162797 10.758145332336426 0
1706890162864 10.689959526062012 0
1706890162934 10.767963409423828 0
1706890163001 10.68516731262207 0
1706890163070 10.719456672668457 0
1706890163139 10.74171257019043 0
1706890163209 10.744253158569336 0
1706890163279 10.626909255981445 0
1706890163349 10.790451049804688 0
1706890163416 10.752603530883789 0
1706890163487 10.716839790344238 0
1706890163556 10.734895706176758 0
1706890163628 10.780388832092285 0
1706890163696 10.611309051513672 0
1706890163765 10.77054500579834 0
1706890163835 10.818547248840332 0
1706890163912 10.712717056274414 0
1706890163980 10.708420753479004 0
1706890164053 10.518046379089355 0
1706890164233 10.790264129638672 0
1706890164303 10.664658546447754 0
1706890164370 10.627520561218262 0
1706890164442 10.666842460632324 0
1706890164509 10.792523384094238 0
1706890164580 10.58963680267334 0
1706890164651 10.6791410446167 0
1706890164725 10.68913745880127 0
1706890164929 10.665190696716309 0
1706890165027 10.519933700561523 0
1706890165101 10.662928581237793 0
1706890165186 10.640844345092773 0
1706890165262 10.670104026794434 0
1706890165337 10.811751365661621 0
1706890165412 10.683454513549805 0
1706890165482 10.836067199707031 0
1706890165551 10.663516998291016 0
1706890165623 10.696624755859375 0
1706890165693 10.68482780456543 0
1706890165765 10.790933609008789 0
1706890165834 10.673540115356445 0
1706890165904 10.88390827178955 0
1706890165974 10.600908279418945 0
1706890166045 10.693647384643555 0
1706890166117 10.7352933883667 0
1706890166198 10.653446197509766 0
1706890166268 10.636110305786133 0
1706890166340 10.679880142211914 0
1706890166410 10.745119094848633 0
1706890166482 10.81039047241211 0
1706890166555 10.585843086242676 0
1706890166626 10.54692268371582 0
1706890166694 10.563167572021484 0
1706890166769 10.584922790527344 0
1706890166843 10.622883796691895 0
1706890166917 10.823295593261719 0
1706890166990 10.699118614196777 0
1706890167064 10.691460609436035 0
1706890167139 10.647038459777832 0
1706890167219 10.651440620422363 0
1706890167298 10.75811767578125 0
1706890167370 10.441988945007324 0
1706890167443 10.776100158691406 0
1706890167518 10.622573852539062 0
1706890167592 10.674051284790039 0
1706890167666 10.478316307067871 0
1706890167737 10.778303146362305 0
1706890167808 10.677194595336914 0
1706890167882 10.735931396484375 0
1706890167963 10.696468353271484 0
1706890168038 10.695381164550781 0
1706890168112 10.650961875915527 0
1706890168184 10.71435832977295 0
1706890168261 10.97194766998291 0
1706890168336 10.668487548828125 0
1706890168412 10.632506370544434 0
1706890168482 10.687092781066895 0
1706890168557 10.713050842285156 0
1706890168629 10.785490989685059 0
1706890168704 10.603995323181152 0
1706890168779 10.772416114807129 0
1706890168852 10.562864303588867 0
1706890168923 10.713949203491211 0
1706890169000 10.680931091308594 0
1706890169073 10.610555648803711 0
1706890169178 10.690654754638672 0
1706890169248 10.791874885559082 0
1706890169324 10.745644569396973 0
1706890169398 10.793136596679688 0
1706890169484 10.700584411621094 0
1706890169561 10.80690860748291 0
1706890169636 10.719269752502441 0
1706890169710 10.734418869018555 0
1706890169783 10.680270195007324 0
1706890169858 10.793231010437012 0
1706890169934 10.742096900939941 0
1706890170004 10.629423141479492 0
1706890170077 10.75971794128418 0
1706890170152 10.751449584960938 0
1706890170228 10.686567306518555 0
1706890170363 10.753900527954102 0
1706890170458 10.6735258102417 0
1706890170530 10.500478744506836 0
1706890170603 10.656814575195312 0
1706890170678 10.615829467773438 0
1706890170752 10.676867485046387 0
1706890170823 10.872302055358887 0
1706890170900 10.601030349731445 0
1706890170973 10.852396965026855 0
1706890171049 10.690810203552246 0
1706890171120 10.749711990356445 0
1706890171195 10.581025123596191 0
1706890171266 10.738731384277344 0
1706890171339 10.590902328491211 0
1706890171410 10.700133323669434 0
1706890171485 10.604472160339355 0
1706890171553 10.837209701538086 0
1706890171626 10.775986671447754 0
1706890171697 10.750956535339355 0
1706890171783 10.665946960449219 0
1706890171866 10.628387451171875 0
1706890171963 10.567790031433105 0
1706890172033 10.879740715026855 0
1706890172112 10.793099403381348 0
1706890172182 10.521921157836914 0
1706890172261 10.711544036865234 0
1706890172356 10.761808395385742 0
1706890172441 10.679455757141113 0
1706890172516 10.653664588928223 0
1706890172587 10.733152389526367 0
1706890172655 10.726006507873535 0
1706890172730 10.869303703308105 0
1706890172809 10.809218406677246 0
1706890172895 10.685162544250488 0
1706890172973 10.769104957580566 0
1706890173050 10.739688873291016 0
1706890173122 10.571935653686523 0
1706890173197 10.677955627441406 0
1706890173272 10.767178535461426 0
1706890173346 10.733756065368652 0
1706890173415 10.614737510681152 0
1706890173484 10.691805839538574 0
1706890173553 10.689598083496094 0
1706890173626 10.517435073852539 0
1706890173696 10.684698104858398 0
1706890173769 10.698224067687988 0
1706890173839 10.57565975189209 0
1706890173912 10.694558143615723 0
1706890173981 10.719569206237793 0
1706890174055 10.696854591369629 0
1706890174161 10.593034744262695 0
1706890174236 10.730977058410645 0
1706890174308 10.786407470703125 0
1706890174382 10.681503295898438 0
1706890174456 10.634842872619629 0
1706890174527 10.623188972473145 0
1706890174595 10.649747848510742 0
1706890174666 10.772387504577637 0
1706890174735 10.49537181854248 0
1706890174805 10.674565315246582 0
1706890174873 10.773662567138672 0
1706890174943 10.744972229003906 0
1706890175011 10.659895896911621 0
1706890175082 10.69866943359375 0
1706890175150 10.73836898803711 0
1706890175221 10.742271423339844 0
1706890175294 10.729165077209473 0
1706890175364 10.690155982971191 0
1706890175432 10.686332702636719 0
1706890175501 10.668963432312012 0
1706890175567 10.730018615722656 0
1706890175637 10.598346710205078 0
1706890175703 10.566181182861328 0
1706890175773 10.692490577697754 0
1706890175842 10.553873062133789 0
1706890175913 10.784406661987305 0
1706890175979 10.670907974243164 0
1706890176051 10.653995513916016 0
1706890176118 10.75516128540039 0
1706890176188 10.622471809387207 0
1706890176257 10.634322166442871 0
1706890176331 10.623198509216309 0
1706890176401 10.715719223022461 0
1706890176475 10.704092025756836 0
1706890176546 10.70589542388916 0
1706890176614 10.885017395019531 0
1706890176681 10.784398078918457 0
1706890176752 10.629157066345215 0
1706890176819 10.65781021118164 0
1706890176889 10.61678409576416 0
1706890176956 10.721896171569824 0
1706890177027 10.702156066894531 0
1706890177094 10.631135940551758 0
1706890177164 10.596976280212402 0
1706890177231 10.62498950958252 0
1706890177300 10.735611915588379 0
1706890177367 10.696486473083496 0
1706890177445 10.614344596862793 0
1706890177516 10.67517375946045 0
1706890177584 10.659835815429688 0
1706890177651 10.59880256652832 0
1706890177720 10.79852294921875 0
1706890177794 10.777521133422852 0
1706890177867 10.62050724029541 0
1706890177938 10.746317863464355 0
1706890178014 10.686688423156738 0
1706890178083 10.545005798339844 0
1706890178155 10.727860450744629 0
1706890178224 10.696464538574219 0
1706890178296 10.70816421508789 0
1706890178367 10.617344856262207 0
1706890178443 10.66118049621582 0
1706890178514 10.747142791748047 0
1706890178655 10.651413917541504 0
1706890178760 10.703676223754883 0
1706890178848 10.597953796386719 0
1706890178919 10.806890487670898 0
1706890178989 10.631985664367676 0
1706890179056 10.640321731567383 0
1706890179125 10.691438674926758 0
1706890179195 10.565669059753418 0
1706890179265 10.853811264038086 0
1706890179417 10.670024871826172 0
1706890179514 10.772184371948242 0
1706890179586 10.760336875915527 0
1706890179663 10.755084037780762 0
1706890179738 10.640984535217285 0
1706890179822 10.818799018859863 0
1706890179896 10.615221977233887 0
1706890179991 10.759344100952148 0
1706890180071 10.601247787475586 0
1706890180151 10.66131591796875 0
1706890180221 10.796784400939941 0
1706890180298 10.819265365600586 0
1706890180369 10.660955429077148 0
1706890180446 10.832463264465332 0
1706890180514 10.504082679748535 0
1706890180586 10.685676574707031 0
1706890180655 10.619540214538574 0
1706890180730 10.690580368041992 0
1706890180802 10.82342529296875 0
1706890180879 10.751224517822266 0
1706890180961 10.702892303466797 0
1706890181044 10.687162399291992 0
1706890181115 10.635247230529785 0
1706890181188 10.615192413330078 0
1706890181258 10.720870971679688 0
1706890181336 10.847870826721191 0
1706890181429 10.649163246154785 0
1706890181516 10.610586166381836 0
1706890181589 10.616264343261719 0
1706890181663 10.635769844055176 0
1706890181735 10.774040222167969 0
1706890181811 10.613662719726562 0
1706890181883 10.579625129699707 0
1706890181963 10.865826606750488 0
1706890182036 10.755305290222168 0
1706890182118 10.665665626525879 0
1706890182193 10.688621520996094 0
1706890182266 10.656609535217285 0
1706890182342 10.692367553710938 0
1706890182417 10.52972412109375 0
1706890182494 10.74631404876709 0
1706890182573 10.734782218933105 0
1706890182648 10.653718948364258 0
1706890182728 10.725727081298828 0
1706890182798 10.833410263061523 0
1706890182881 10.641697883605957 0
1706890183074 10.639975547790527 0
1706890183150 10.591960906982422 0
1706890183226 10.601263046264648 0
1706890183304 10.62330150604248 0
1706890183372 10.672870635986328 0
1706890183441 10.741002082824707 0
1706890183508 10.661589622497559 0
1706890183578 10.695441246032715 0
1706890183646 10.64437484741211 0
1706890183715 10.667845726013184 0
1706890183782 10.661375045776367 0
1706890183852 10.717249870300293 0
1706890183920 10.822284698486328 0
1706890183990 10.596993446350098 0
1706890184056 10.613302230834961 0
1706890184128 10.678882598876953 0
1706890184196 10.871776580810547 0
1706890184293 10.583843231201172 0
1706890184398 10.677427291870117 0
1706890184478 10.797569274902344 0
1706890184550 10.456762313842773 0
1706890184626 10.581618309020996 0
1706890184702 10.704419136047363 0
1706890184780 10.694723129272461 0
1706890184872 10.691761016845703 0
1706890184957 10.619340896606445 0
1706890185032 10.64418888092041 0
1706890185117 10.709558486938477 0
1706890185190 10.491584777832031 0
1706890185267 10.544034004211426 0
1706890185341 10.769610404968262 0
1706890185418 10.688827514648438 0
1706890185498 10.81357479095459 0
1706890185576 10.660813331604004 0
1706890185648 10.673944473266602 0
1706890185723 10.758478164672852 0
1706890185795 10.55201530456543 0
1706890185872 10.731600761413574 0
1706890185946 10.685460090637207 0
1706890186020 10.637589454650879 0
1706890186089 10.839766502380371 0
1706890186161 10.629724502563477 0
1706890186230 10.701529502868652 0
1706890186300 10.717863082885742 0
1706890186367 10.699139595031738 0
1706890186439 10.741803169250488 0
1706890186511 10.698948860168457 0
1706890186586 10.682760238647461 0
1706890186655 10.763285636901855 0
1706890186726 10.743424415588379 0
1706890186794 10.619671821594238 0
1706890186866 10.844961166381836 0
1706890186933 10.723362922668457 0
1706890187004 10.632275581359863 0
1706890187117 10.636757850646973 0
1706890187207 10.685141563415527 0
1706890187274 10.622650146484375 0
1706890187345 10.624163627624512 0
1706890187412 10.601987838745117 0
1706890187485 10.588351249694824 0
1706890187552 10.787485122680664 0
1706890187624 10.80594253540039 0
1706890187696 10.552855491638184 0
1706890187770 10.669036865234375 0
1706890187839 10.582873344421387 0
1706890187916 10.713671684265137 0
1706890187984 10.643684387207031 0
1706890188055 10.646928787231445 0
1706890188124 10.734106063842773 0
1706890188194 10.66505241394043 0
1706890188262 10.711807250976562 0
1706890188332 10.831244468688965 0
1706890188400 10.726231575012207 0
1706890188470 10.687479019165039 0
1706890188537 10.53235912322998 0
1706890188606 10.626960754394531 0
1706890188673 10.835759162902832 0
1706890188743 10.702818870544434 0
1706890188815 10.629639625549316 0
1706890188887 10.72916030883789 0
1706890188955 10.784557342529297 0
1706890189028 10.899867057800293 0
1706890189098 10.570518493652344 0
1706890189171 10.680265426635742 0
1706890189238 10.72276782989502 0
1706890189310 10.694263458251953 0
1706890189376 10.719728469848633 0
1706890189448 10.639924049377441 0
1706890189517 10.615946769714355 0
1706890189597 10.6780424118042 0
1706890189663 10.764952659606934 0
1706890189734 10.8530912399292 0
1706890189803 10.669387817382812 0
1706890189874 10.725956916809082 0
1706890189951 10.542919158935547 0
1706890190021 10.640193939208984 0
1706890190088 10.706645011901855 0
1706890190159 10.711542129516602 0
1706890190226 10.781593322753906 0
1706890190297 10.643911361694336 0
1706890190364 10.809870719909668 0
1706890190434 10.691883087158203 0
1706890190503 10.716347694396973 0
1706890190573 10.795960426330566 0
1706890190640 10.596718788146973 0
1706890190711 10.585742950439453 0
1706890190778 10.58812141418457 0
1706890190848 10.689600944519043 0
1706890190914 10.566827774047852 0
1706890190992 10.675581932067871 0
1706890191063 10.699575424194336 0
1706890191136 10.663668632507324 0
1706890191202 10.802861213684082 0
1706890191273 10.62582015991211 0
1706890191343 10.679086685180664 0
1706890191412 10.799905776977539 0
1706890191484 10.699368476867676 0
1706890191555 10.65990924835205 0
1706890191623 10.73238754272461 0
1706890191695 10.736373901367188 0
1706890191763 10.525199890136719 0
1706890191833 10.693284034729004 0
1706890191901 10.62540340423584 0
1706890191976 10.764892578125 0
1706890192042 10.636195182800293 0
1706890192117 10.6456298828125 0
1706890192187 10.720940589904785 0
1706890192259 10.597801208496094 0
1706890192326 10.582657814025879 0
1706890192398 10.769784927368164 0
1706890192465 10.813962936401367 0
1706890192537 10.601788520812988 0
1706890192603 10.737497329711914 0
1706890192673 10.725461959838867 0
1706890192740 10.68012809753418 0
1706890192814 10.679978370666504 0
1706890192870 10.58208179473877 0
1706890192969 10.609295845031738 0
1706890193037 10.676406860351562 0
1706890193114 10.68094539642334 0
1706890193192 10.58127212524414 0
1706890193278 10.69197940826416 0
1706890193348 10.661444664001465 0
1706890193420 10.767553329467773 0
1706890193487 10.75371265411377 0
1706890193563 10.713743209838867 0
1706890193631 10.814241409301758 0
1706890193704 10.772283554077148 0
1706890193770 10.666444778442383 0
1706890193840 10.513334274291992 0
1706890193907 10.672675132751465 0
1706890193978 10.658668518066406 0
1706890194046 10.789689064025879 0
1706890194118 10.626425743103027 0
1706890194196 10.639986991882324 0
1706890194267 10.762250900268555 0
1706890194340 10.814373970031738 0
1706890194412 10.584895133972168 0
1706890194479 10.658101081848145 0
1706890194552 10.784046173095703 0
1706890194619 10.787306785583496 0
1706890194690 10.763325691223145 0
1706890194757 10.696968078613281 0
1706890194827 10.644030570983887 0
1706890194894 10.51805591583252 0
1706890194965 10.634746551513672 0
1706890195031 10.71074104309082 0
1706890195101 10.683039665222168 0
1706890195173 10.625480651855469 0
1706890195244 10.741061210632324 0
1706890195311 10.683175086975098 0
1706890195382 10.645622253417969 0
1706890195457 10.585123062133789 0
1706890195531 10.560844421386719 0
1706890195598 10.724373817443848 0
1706890195668 10.733841896057129 0
1706890195735 10.836627006530762 0
1706890195808 10.748058319091797 0
1706890195874 10.608012199401855 0
1706890195945 10.703978538513184 0
1706890196012 10.684117317199707 0
1706890196084 10.787647247314453 0
1706890196150 10.745172500610352 0
1706890196222 10.814835548400879 0
1706890196289 10.730889320373535 0
1706890196359 10.6788969039917 0
1706890196427 10.719919204711914 0
1706890196497 10.608619689941406 0
1706890196574 10.770044326782227 0
1706890196645 10.748214721679688 0
1706890196711 10.642827987670898 0
1706890196781 10.586398124694824 0
1706890196849 10.780165672302246 0
1706890196919 10.701272964477539 0
1706890196987 10.753159523010254 0
1706890197058 10.606290817260742 0
1706890197125 10.791258811950684 0
1706890197197 10.731727600097656 0
1706890197263 10.490937232971191 0
1706890197334 10.771263122558594 0
1706890197399 10.654523849487305 0
1706890197471 10.692498207092285 0
1706890197541 10.623847007751465 0
1706890197614 10.68787956237793 0
1706890197685 10.524354934692383 0
1706890197756 10.73416519165039 0
1706890197825 10.680527687072754 0
1706890197896 10.651968002319336 0
1706890197963 10.611577033996582 0
1706890198043 10.54839038848877 0
1706890198128 10.554697036743164 0
1706890198205 10.681110382080078 0
1706890198274 10.899255752563477 0
1706890198357 10.738061904907227 0
1706890198426 10.610581398010254 0
1706890198498 10.601369857788086 0
1706890198570 10.60342025756836 0
1706890198647 10.620929718017578 0
1706890198721 10.748724937438965 0
1706890198801 10.793087005615234 0
1706890198873 10.74549674987793 0
1706890198945 10.707215309143066 0
1706890199014 10.585140228271484 0
1706890199088 10.697736740112305 0
1706890199160 10.857292175292969 0
1706890199237 10.608034133911133 0
1706890199313 10.565149307250977 0
1706890199391 10.649343490600586 0
1706890199467 10.631169319152832 0
1706890199544 10.644082069396973 0
1706890199626 10.643911361694336 0
1706890199704 10.677205085754395 0
1706890199782 10.626006126403809 0
1706890199866 10.60252571105957 0
1706890199944 10.776875495910645 0
1706890200024 10.565079689025879 0
1706890200103 10.629433631896973 0
1706890200181 10.768043518066406 0
1706890200255 10.707538604736328 0
1706890200332 10.644027709960938 0
1706890200408 10.736242294311523 0
1706890200487 10.654733657836914 0
1706890200563 10.742684364318848 0
1706890200639 10.664411544799805 0
1706890200713 10.759858131408691 0
1706890200790 10.741156578063965 0
1706890200864 10.628289222717285 0
1706890200943 10.507495880126953 0
1706890201020 10.737213134765625 0
1706890201100 10.623454093933105 0
1706890201170 10.783232688903809 0
1706890201240 10.623443603515625 0
1706890201311 10.622958183288574 0
1706890201384 10.788036346435547 0
1706890201452 10.708033561706543 0
1706890201526 10.616582870483398 0
1706890201605 10.755034446716309 0
1706890201679 10.63330078125 0
1706890201757 10.634203910827637 0
1706890201832 10.761392593383789 0
1706890201907 10.722949028015137 0
1706890201984 10.556012153625488 0
1706890202059 10.724498748779297 0
1706890202191 10.646928787231445 0
1706890202272 10.671689987182617 0
1706890202382 10.609676361083984 0
1706890202459 10.73707103729248 0
1706890202535 10.759720802307129 0
1706890202605 10.671445846557617 0
1706890202688 10.69792366027832 0
1706890202789 10.41940975189209 0
1706890202865 10.714221954345703 0
1706890202944 10.74571704864502 0
1706890203021 10.577596664428711 0
1706890203111 10.619420051574707 0
1706890203195 10.63559341430664 0
1706890203270 10.722539901733398 0
1706890203351 10.67072582244873 0
1706890203431 10.66475772857666 0
1706890203507 10.63973331451416 0
1706890203582 10.71872615814209 0
1706890203659 10.735698699951172 0
1706890203733 10.680915832519531 0
1706890203807 10.653141975402832 0
1706890203876 10.6730318069458 0
1706890203950 10.810921669006348 0
1706890204017 10.762734413146973 0
1706890204087 10.657154083251953 0
1706890204155 10.568041801452637 0
1706890204226 10.689360618591309 0
1706890204296 10.715307235717773 0
1706890204371 10.590553283691406 0
1706890204443 10.673935890197754 0
1706890204522 10.616710662841797 0
1706890204596 10.664978981018066 0
1706890204668 10.688858985900879 0
1706890204739 10.591390609741211 0
1706890204812 10.736655235290527 0
1706890204884 10.815532684326172 0
1706890204954 10.780559539794922 0
1706890205023 10.752568244934082 0
1706890205097 10.663492202758789 0
1706890205166 10.7392578125 0
1706890205238 10.771430015563965 0
1706890205310 10.709209442138672 0
1706890205383 10.742013931274414 0
1706890205455 10.728009223937988 0
1706890205526 10.840474128723145 0
1706890205602 10.564226150512695 0
1706890205674 10.606720924377441 0
1706890205742 10.639983177185059 0
1706890205813 10.689101219177246 0
1706890205882 10.68416976928711 0
1706890205954 10.617081642150879 0
1706890206023 10.667868614196777 0
1706890206095 10.651002883911133 0
1706890206165 10.713038444519043 0
1706890206239 10.74475383758545 0
1706890206307 10.701383590698242 0
1706890206377 10.792638778686523 0
1706890206444 10.728538513183594 0
1706890206515 10.731034278869629 0
1706890206582 10.774627685546875 0
1706890206656 10.560237884521484 0
1706890206730 10.640822410583496 0
1706890206803 10.5679349899292 0
1706890206874 10.477038383483887 0
1706890206947 10.707199096679688 0
1706890207019 10.772065162658691 0
1706890207091 10.807720184326172 0
1706890207162 10.79450511932373 0
1706890207235 10.575406074523926 0
1706890207303 10.559614181518555 0
1706890207375 10.662670135498047 0
1706890207443 10.755682945251465 0
1706890207513 10.680209159851074 0
1706890207581 10.695475578308105 0
1706890207652 10.816794395446777 0
1706890207720 10.610278129577637 0
1706890207799 10.608782768249512 0
1706890207870 10.694259643554688 0
1706890207948 10.664375305175781 0
1706890208017 10.777175903320312 0
1706890208087 10.647501945495605 0
1706890208156 10.616327285766602 0
1706890208228 10.779332160949707 0
1706890208297 10.82131290435791 0
1706890208368 10.68293571472168 0
1706890208439 10.570548057556152 0
1706890208516 10.692502975463867 0
1706890208590 10.730840682983398 0
1706890208668 10.781087875366211 0
1706890208743 10.641664505004883 0
1706890208815 10.61722183227539 0
1706890208886 10.596959114074707 0
1706890208963 10.62378215789795 0
1706890209030 10.787370681762695 0
1706890209102 10.733269691467285 0
1706890209169 10.82038402557373 0
1706890209243 10.798245429992676 0
1706890209313 10.82284164428711 0
1706890209386 10.569648742675781 0
1706890209455 10.635783195495605 0
1706890209528 10.780532836914062 0
1706890209600 10.651212692260742 0
1706890209680 10.752947807312012 0
1706890209753 10.657233238220215 0
1706890209831 10.765841484069824 0
1706890209900 10.585417747497559 0
1706890209977 10.56866455078125 0
1706890210051 10.731053352355957 0
1706890210126 10.749224662780762 0
1706890210226 10.632732391357422 0
1706890210316 10.643487930297852 0
1706890210400 10.728179931640625 0
1706890210476 10.61982536315918 0
1706890210544 10.525211334228516 0
1706890210618 10.685965538024902 0
1706890210687 10.679853439331055 0
1706890210758 10.527066230773926 0
1706890210825 10.733905792236328 0
1706890210897 10.629979133605957 0
1706890210971 10.83776569366455 0
1706890211045 10.68094539642334 0
1706890211125 10.805773735046387 0
1706890211205 10.667520523071289 0
1706890211278 10.636356353759766 0
1706890211356 10.785348892211914 0
1706890211430 10.709843635559082 0
1706890211509 10.80001163482666 0
1706890211590 10.548990249633789 0
1706890211668 10.548446655273438 0
1706890211742 10.582168579101562 0
1706890211822 10.787201881408691 0
1706890211893 10.683430671691895 0
1706890211971 10.650553703308105 0
1706890212040 10.611546516418457 0
1706890212109 10.719381332397461 0
1706890212176 10.665535926818848 0
1706890212255 10.690600395202637 0
1706890212326 10.626635551452637 0
1706890212399 10.78954029083252 0
1706890212476 10.670342445373535 0
1706890212554 10.709084510803223 0
1706890212628 10.751614570617676 0
1706890212707 10.732755661010742 0
1706890212782 10.710470199584961 0
1706890212860 10.772502899169922 0
1706890212934 10.570548057556152 0
1706890213012 10.756430625915527 0
1706890213089 10.531035423278809 0
1706890213170 10.754680633544922 0
1706890213246 10.600289344787598 0
1706890213327 10.710185050964355 0
1706890213405 10.60866641998291 0
1706890213483 10.645913124084473 0
1706890213562 10.614500999450684 0
1706890213643 10.70706558227539 0
1706890213716 10.778814315795898 0
1706890213795 10.828871726989746 0
1706890213868 10.76948070526123 0
1706890213942 10.52232551574707 0
1706890214017 10.657464981079102 0
1706890214091 10.508392333984375 0
1706890214166 10.930916786193848 0
1706890214242 10.572300910949707 0
1706890214316 10.807722091674805 0
1706890214408 10.61015510559082 0
1706890214490 10.629645347595215 0
1706890214569 10.754388809204102 0
1706890214644 10.672033309936523 0
1706890214721 10.74127197265625 0
1706890214794 10.722291946411133 0
1706890214871 10.531167984008789 0
1706890215010 10.650894165039062 0
1706890215086 10.756251335144043 0
1706890215161 10.678995132446289 0
1706890215237 10.690694808959961 0
1706890215312 10.695497512817383 0
1706890215391 10.760207176208496 0
1706890215464 10.759156227111816 0
1706890215542 10.597674369812012 0
1706890215624 10.52575969696045 0
1706890215703 10.59412956237793 0
1706890215775 10.686302185058594 0
1706890215849 10.655601501464844 0
1706890215917 10.827505111694336 0
1706890215986 10.55485725402832 0
1706890216054 10.653765678405762 0
1706890216124 10.638980865478516 0
1706890216192 10.726103782653809 0
1706890216273 10.802019119262695 0
1706890216345 10.601277351379395 0
1706890216421 10.66930103302002 0
1706890216495 10.828898429870605 0
1706890216573 10.639921188354492 0
1706890216647 10.535101890563965 0
1706890216727 10.633480072021484 0
1706890216799 10.731352806091309 0
1706890216875 10.630058288574219 0
1706890216948 10.73481559753418 0
1706890217022 10.731864929199219 0
1706890217093 10.61557388305664 0
1706890217167 10.674842834472656 0
1706890217239 10.662962913513184 0
1706890217311 10.541736602783203 0
1706890217379 10.66613483428955 0
1706890217452 10.691963195800781 0
1706890217521 10.766308784484863 0
1706890217595 10.699117660522461 0
1706890217669 10.760242462158203 0
1706890217744 10.582508087158203 0
1706890217825 10.617925643920898 0
1706890217896 10.649706840515137 0
1706890217965 10.708667755126953 0
1706890218034 10.59189510345459 0
1706890218101 10.589999198913574 0
1706890218170 10.6961669921875 0
1706890218237 10.678694725036621 0
1706890218308 10.599985122680664 0
1706890218377 10.69110107421875 0
1706890218447 10.789507865905762 0
1706890218514 10.606657028198242 0
1706890218585 10.851887702941895 0
1706890218657 10.623591423034668 0
1706890218727 10.730231285095215 0
1706890218792 10.75637149810791 0
1706890218865 10.61375904083252 0
1706890218937 10.735424995422363 0
1706890219008 10.680213928222656 0
1706890219132 10.63015079498291 0
1706890219210 10.455771446228027 0
1706890219282 10.685606002807617 0
1706890219358 10.583202362060547 0
1706890219426 10.664223670959473 0
1706890219496 10.758007049560547 0
1706890219563 10.745962142944336 0
1706890219635 10.815827369689941 0
1706890219707 10.684257507324219 0
1706890219777 10.648948669433594 0
1706890219846 10.733454704284668 0
1706890219918 10.625364303588867 0
1706890219991 10.773368835449219 0
1706890220066 10.693131446838379 0
1706890220135 10.768562316894531 0
1706890220204 10.616104125976562 0
1706890220273 10.545746803283691 0
1706890220345 10.61919116973877 0
1706890220413 10.66713809967041 0
1706890220485 10.579229354858398 0
1706890220553 10.718783378601074 0
1706890220625 10.725805282592773 0
1706890220693 10.610810279846191 0
1706890220763 10.54467487335205 0
1706890220833 10.625986099243164 0
1706890220904 10.529799461364746 0
1706890220973 10.691510200500488 0
1706890221050 10.746153831481934 0
1706890221130 10.652059555053711 0
1706890221209 10.662090301513672 0
1706890221285 10.747495651245117 0
1706890221360 10.752906799316406 0
1706890221428 10.616180419921875 0
1706890221501 10.505690574645996 0
1706890221569 10.571524620056152 0
1706890221641 10.610392570495605 0
1706890221708 10.635046005249023 0
1706890221782 10.680139541625977 0
1706890221857 10.623429298400879 0
1706890221937 10.727496147155762 0
1706890222013 10.779257774353027 0
1706890222090 10.905045509338379 0
1706890222164 10.662230491638184 0
1706890222248 10.63875961303711 0
1706890222333 10.703717231750488 0
1706890222428 10.629545211791992 0
1706890222500 10.941024780273438 0
1706890222578 10.676080703735352 0
1706890222662 10.705492973327637 0
1706890222734 10.544351577758789 0
1706890222804 10.568257331848145 0
1706890222879 10.594157218933105 0
1706890222951 10.737521171569824 0
1706890223022 10.747730255126953 0
1706890223095 10.748763084411621 0
1706890223172 10.675313949584961 0
1706890223319 10.744234085083008 0
1706890223393 10.686322212219238 0
1706890223463 10.68949031829834 0
1706890223533 10.623394966125488 0
1706890223601 10.565544128417969 0
1706890223677 10.471471786499023 0
1706890223748 10.696539878845215 0
1706890223837 10.661335945129395 0
1706890223912 10.72762680053711 0
1706890223992 10.722858428955078 0
1706890224065 10.622465133666992 0
1706890224141 10.662992477416992 0
1706890224215 10.628275871276855 0
1706890224300 10.66752815246582 0
1706890224380 10.679880142211914 0
1706890224469 10.811842918395996 0
1706890224548 10.846561431884766 0
1706890224637 10.706454277038574 0
1706890224711 10.680081367492676 0
1706890224780 10.595911026000977 0
1706890224849 10.529827117919922 0
1706890224926 10.586978912353516 0
1706890225003 10.549491882324219 0
1706890225082 10.685705184936523 0
1706890225158 10.781562805175781 0
1706890225232 10.656023979187012 0
1706890225303 10.714488983154297 0
1706890225377 10.678399085998535 0
1706890225450 10.705093383789062 0
1706890225525 10.604022979736328 0
1706890225605 10.761215209960938 0
1706890225684 10.802468299865723 0
1706890225755 10.594475746154785 0
1706890225829 10.751018524169922 0
1706890225896 10.750151634216309 0
1706890225968 10.625449180603027 0
1706890226036 10.694504737854004 0
1706890226112 10.696259498596191 0
1706890226183 10.531331062316895 0
1706890226256 10.687968254089355 0
1706890226322 10.829553604125977 0
1706890226393 10.645916938781738 0
1706890226462 10.772473335266113 0
1706890226542 10.724526405334473 0
1706890226614 10.50796127319336 0
1706890226695 10.724714279174805 0
1706890226775 10.741491317749023 0
1706890226853 10.719680786132812 0
1706890226925 10.55345630645752 0
1706890227001 10.644521713256836 0
1706890227074 10.646727561950684 0
1706890227147 10.570323944091797 0
1706890227216 10.688810348510742 0
1706890227285 10.522711753845215 0
1706890227354 10.595540046691895 0
1706890227427 10.824560165405273 0
1706890227504 10.514406204223633 0
1706890227580 10.633977890014648 0
1706890227657 10.584628105163574 0
1706890227733 10.621918678283691 0
1706890227812 10.60767650604248 0
1706890227894 10.526269912719727 0
1706890227970 10.727583885192871 0
1706890228046 10.800853729248047 0
1706890228118 10.484111785888672 0
1706890228191 10.63942813873291 0
1706890228259 10.531638145446777 0
1706890228332 10.65074348449707 0
1706890228400 10.551064491271973 0
1706890228471 10.582283973693848 0
1706890228539 10.691607475280762 0
1706890228609 10.643831253051758 0
1706890228677 10.476743698120117 0
1706890228746 10.764963150024414 0
1706890228815 10.786676406860352 0
1706890228885 10.600232124328613 0
1706890228957 10.553735733032227 0
1706890229029 10.512210845947266 0
1706890229096 10.516633033752441 0
1706890229165 10.592255592346191 0
1706890229231 10.716317176818848 0
1706890229300 10.708035469055176 0
1706890229367 10.611939430236816 0
1706890229443 10.795403480529785 0
1706890229516 10.758685111999512 0
1706890229593 10.56979751586914 0
1706890229666 10.785956382751465 0
1706890229743 10.56169319152832 0
1706890229812 10.561789512634277 0
1706890229883 10.61166763305664 0
1706890229951 10.651633262634277 0
1706890230026 10.578847885131836 0
1706890230098 10.753003120422363 0
1706890230168 10.706376075744629 0
1706890230242 10.930805206298828 0
1706890230313 10.642422676086426 0
1706890230382 10.593585014343262 0
1706890230453 10.9425687789917 0
1706890230521 10.623342514038086 0
1706890230594 10.703219413757324 0
1706890230666 10.84914779663086 0
1706890230742 10.737038612365723 0
1706890230814 10.669321060180664 0
1706890230886 10.671392440795898 0
1706890230957 10.551973342895508 0
1706890231027 10.747734069824219 0
1706890231096 10.651533126831055 0
1706890231171 10.516324043273926 0
1706890231240 10.751935005187988 0
1706890231311 10.677970886230469 0
1706890231379 10.637929916381836 0
1706890231450 10.629216194152832 0
1706890231529 10.668959617614746 0
1706890231601 10.66739273071289 0
1706890231672 10.678079605102539 0
1706890231741 10.731411933898926 0
1706890231809 10.760802268981934 0
1706890231880 10.733697891235352 0
1706890231953 10.693671226501465 0
1706890232026 10.702629089355469 0
1706890232097 10.779377937316895 0
1706890232170 10.780654907226562 0
1706890232246 10.666069030761719 0
1706890232324 10.78895092010498 0
1706890232397 10.529158592224121 0
1706890232469 10.672514915466309 0
1706890232537 10.569260597229004 0
1706890232607 10.836233139038086 0
1706890232682 10.590275764465332 0
1706890232765 10.793331146240234 0
1706890232835 10.64454174041748 0
1706890232909 10.734674453735352 0
1706890232979 10.639810562133789 0
1706890233054 10.669100761413574 0
1706890233125 10.811182975769043 0
1706890233214 10.66173267364502 0
1706890233285 10.682848930358887 0
1706890233365 10.752169609069824 0
1706890233441 10.690713882446289 0
1706890233514 10.671001434326172 0
1706890233585 10.530160903930664 0
1706890233662 10.540779113769531 0
1706890233732 10.622871398925781 0
1706890233807 10.61978530883789 0
1706890233878 10.60969352722168 0
1706890233954 10.723429679870605 0
1706890234024 10.682053565979004 0
1706890234099 10.606500625610352 0
1706890234171 10.639786720275879 0
1706890234271 10.664844512939453 0
1706890234339 10.578434944152832 0
1706890234407 10.571131706237793 0
1706890234480 10.692729949951172 0
1706890234551 10.586874961853027 0
1706890234617 10.703776359558105 0
1706890234687 10.568197250366211 0
1706890234754 10.587337493896484 0
1706890234823 10.616963386535645 0
1706890234890 10.712705612182617 0
1706890234958 10.697427749633789 0
1706890235024 10.769662857055664 0
1706890235096 10.781808853149414 0
1706890235168 10.634227752685547 0
1706890235243 10.585627555847168 0
1706890235313 10.504369735717773 0
1706890235387 10.826375961303711 0
1706890235461 10.800857543945312 0
1706890235540 10.687051773071289 0
1706890235620 10.607765197753906 0
1706890235700 10.609781265258789 0
1706890235771 10.726363182067871 0
1706890235847 10.73914909362793 0
1706890235917 10.79067325592041 0
1706890235988 10.564909934997559 0
1706890236062 10.639153480529785 0
1706890236130 10.774283409118652 0
1706890236197 10.676886558532715 0
1706890236268 10.671384811401367 0
1706890236336 10.703808784484863 0
1706890236411 10.685144424438477 0
1706890236481 10.657151222229004 0
1706890236558 10.683053970336914 0
1706890236633 10.559236526489258 0
1706890236711 10.586898803710938 0
1706890236782 10.62769889831543 0
1706890236853 10.529007911682129 0
1706890236921 10.673906326293945 0
1706890236993 10.686996459960938 0
1706890237064 10.538152694702148 0
1706890237170 10.686559677124023 0
1706890237242 10.645038604736328 0
1706890237315 10.61099910736084 0
1706890237383 10.729199409484863 0
1706890237456 10.588582038879395 0
1706890237525 10.661678314208984 0
1706890237594 10.856551170349121 0
1706890237663 10.54956340789795 0
1706890237733 10.688921928405762 0
1706890237807 10.632294654846191 0
1706890237930 10.715514183044434 0
1706890238000 10.672656059265137 0
1706890238074 10.702000617980957 0
1706890238143 10.604935646057129 0
1706890238214 10.685842514038086 0
1706890238280 10.678321838378906 0
1706890238351 10.645482063293457 0
1706890238419 10.574577331542969 0
1706890238490 10.636560440063477 0
1706890238563 10.69339370727539 0
1706890238638 10.592734336853027 0
1706890238714 10.646464347839355 0
1706890238786 10.742835998535156 0
1706890238858 10.695295333862305 0
1706890238936 10.703116416931152 0
1706890239007 10.773486137390137 0
1706890239078 10.634175300598145 0
1706890239151 10.586350440979004 0
1706890239220 10.600282669067383 0
1706890239288 10.438765525817871 0
1706890239356 10.729928970336914 0
1706890239425 10.561796188354492 0
1706890239501 10.703267097473145 0
1706890239572 10.789556503295898 0
1706890239645 10.632245063781738 0
1706890239717 10.761969566345215 0
1706890239792 10.54333782196045 0
1706890239864 10.65160083770752 0
1706890239940 10.706929206848145 0
1706890240018 10.751330375671387 0
1706890240092 10.735038757324219 0
1706890240162 10.470162391662598 0
1706890240233 10.73672866821289 0
1706890240299 10.675178527832031 0
1706890240368 10.728984832763672 0
1706890240436 10.681218147277832 0
1706890240508 10.486898422241211 0
1706890240582 10.584105491638184 0
1706890240654 10.847982406616211 0
1706890240727 10.672895431518555 0
1706890240801 10.533169746398926 0
1706890240867 10.636622428894043 0
1706890240937 10.694562911987305 0
1706890241007 10.701126098632812 0
1706890241096 10.705381393432617 0
1706890241187 10.786531448364258 0
1706890241280 10.740463256835938 0
1706890241371 10.612435340881348 0
1706890241460 10.658663749694824 0
1706890241532 10.66055679321289 0
1706890241609 10.532475471496582 0
1706890241683 10.621527671813965 0
1706890241763 10.65887451171875 0
1706890241840 10.779783248901367 0
1706890241949 10.492749214172363 0
1706890242027 10.659287452697754 0
1706890242106 10.76284408569336 0
1706890242182 10.71163558959961 0
1706890242275 10.55565357208252 0
1706890242352 10.543246269226074 0
1706890242424 10.556957244873047 0
1706890242496 10.648003578186035 0
1706890242579 10.638647079467773 0
1706890242658 10.575374603271484 0
1706890242740 10.610766410827637 0
1706890242814 10.661458969116211 0
1706890242890 10.573433876037598 0
1706890242961 10.5591402053833 0
1706890243032 10.709344863891602 0
1706890243100 10.733440399169922 0
1706890243175 10.698014259338379 0
1706890243246 10.742652893066406 0
1706890243322 10.598894119262695 0
1706890243400 10.747076988220215 0
1706890243477 10.741094589233398 0
1706890243549 10.707447052001953 0
1706890243626 10.588308334350586 0
1706890243697 10.80214786529541 0
1706890243769 10.782814979553223 0
1706890243839 10.591915130615234 0
1706890243915 10.637812614440918 0
1706890243985 10.63924503326416 0
1706890244061 10.546313285827637 0
1706890244140 10.766839981079102 0
1706890244215 10.713696479797363 0
1706890244298 10.728131294250488 0
1706890244370 10.664525985717773 0
1706890244439 10.703052520751953 0
1706890244517 10.654611587524414 0
1706890244589 10.600786209106445 0
1706890244665 10.587489128112793 0
1706890244738 10.69298267364502 0
1706890244817 10.655613899230957 0
1706890244896 10.610669136047363 0
1706890244977 10.555347442626953 0
1706890245053 10.71558952331543 0
1706890245129 10.528029441833496 0
1706890245204 10.593961715698242 0
1706890245281 10.6736478805542 0
1706890245352 10.7001371383667 0
1706890245426 10.629562377929688 0
1706890245503 10.645023345947266 0
1706890245588 10.737773895263672 0
1706890245680 10.642127990722656 0
1706890245762 10.528321266174316 0
1706890245829 10.62065315246582 0
1706890245900 10.592273712158203 0
1706890245969 10.676373481750488 0
1706890246043 10.763988494873047 0
1706890246120 10.839363098144531 0
1706890246199 10.498473167419434 0
1706890246277 10.569601058959961 0
1706890246352 10.569045066833496 0
1706890246425 10.629831314086914 0
1706890246501 10.752960205078125 0
1706890246573 10.634786605834961 0
1706890246647 10.630166053771973 0
1706890246723 10.624629974365234 0
1706890246806 10.662776947021484 0
1706890246879 10.66888427734375 0
1706890246951 10.71842098236084 0
1706890247021 10.634337425231934 0
1706890247097 10.762763023376465 0
1706890247172 10.522600173950195 0
1706890247246 10.720457077026367 0
1706890247317 10.606864929199219 0
1706890247391 10.702666282653809 0
1706890247461 10.657641410827637 0
1706890247532 10.71099853515625 0
1706890247598 10.63518238067627 0
1706890247668 10.755971908569336 0
1706890247736 10.648242950439453 0
1706890247810 10.615218162536621 0
1706890247885 10.776496887207031 0
1706890247962 10.527291297912598 0
1706890248035 10.654613494873047 0
1706890248114 10.685596466064453 0
1706890248186 10.610566139221191 0
1706890248261 10.665231704711914 0
1706890248331 10.598495483398438 0
1706890248404 10.75055980682373 0
1706890248471 10.608752250671387 0
1706890248546 10.747762680053711 0
1706890248618 10.681396484375 0
1706890248689 10.687705993652344 0
1706890248759 10.67634105682373 0
1706890248829 10.625922203063965 0
1706890248899 10.78591537475586 0
1706890248971 10.67015552520752 0
1706890249043 10.636995315551758 0
1706890249113 10.754019737243652 0
1706890249182 10.808619499206543 0
1706890249259 10.641911506652832 0
1706890249337 10.733664512634277 0
1706890249411 10.593214988708496 0
1706890249480 10.661067008972168 0
1706890249558 10.551969528198242 0
1706890249626 10.506063461303711 0
1706890249697 10.66811466217041 0
1706890249778 10.599333763122559 0
1706890249848 10.516718864440918 0
1706890249914 10.692495346069336 0
1706890249985 10.51198673248291 0
1706890250066 10.591338157653809 0
1706890250157 10.577402114868164 0
1706890250232 10.661914825439453 0
1706890250315 10.599093437194824 0
1706890250393 10.577963829040527 0
1706890250493 10.672111511230469 0
1706890250567 10.818050384521484 0
1706890250642 10.684355735778809 0
1706890250714 10.56932544708252 0
1706890250785 10.63006591796875 0
1706890250853 10.72240924835205 0
1706890250922 10.608438491821289 0
1706890250991 10.663338661193848 0
1706890251068 10.67039966583252 0
1706890251145 10.696568489074707 0
1706890251221 10.667540550231934 0
1706890251294 10.57766056060791 0
1706890251370 10.678661346435547 0
1706890251440 10.65639877319336 0
1706890251511 10.599305152893066 0
1706890251579 10.738828659057617 0
1706890251655 10.539382934570312 0
1706890251726 10.671597480773926 0
1706890251805 10.72484016418457 0
1706890251875 10.807361602783203 0
1706890251949 10.602700233459473 0
1706890252020 10.64013385772705 0
1706890252092 10.687078475952148 0
1706890252161 10.63792610168457 0
1706890252239 10.581711769104004 0
1706890252316 10.761884689331055 0
1706890252390 10.603876113891602 0
1706890252460 10.726102828979492 0
1706890252531 10.56297492980957 0
1706890252603 10.685698509216309 0
1706890252672 10.573041915893555 0
1706890252738 10.744294166564941 0
1706890252809 10.736833572387695 0
1706890252878 10.607959747314453 0
1706890252950 10.654916763305664 0
1706890253021 10.47230052947998 0
1706890253094 10.564253807067871 0
1706890253166 10.711764335632324 0
1706890253240 10.55361270904541 0
1706890253311 10.717935562133789 0
1706890253386 10.712875366210938 0
1706890253449 10.537217140197754 0
