1706890069259 10.820621490478516 0
1706890069332 21.531184196472168 0
1706890069406 32.22139263153076 0
1706890069481 42.89936447143555 0
1706890069555 53.70780086517334 0
1706890069633 64.34225463867188 0
1706890069709 74.98318195343018 0
1706890069776 85.64538097381592 0
1706890069849 96.30307674407959 0
1706890069919 107.09298801422119 0
1706890069988 117.80796241760254 0
1706890070057 128.441876411438 0
1706890070131 139.10785293579102 0
1706890070204 150.0146722793579 0
1706890070298 160.66447830200195 0
1706890070370 171.37804698944092 0
1706890070442 182.06471061706543 0
1706890070511 192.78631973266602 0
1706890070585 203.56443119049072 0
1706890070659 214.30763149261475 0
1706890070736 225.055682182312 0
1706890070809 235.82006072998047 0
1706890070884 246.63093852996826 0
1706890070955 257.34056091308594 0
1706890071033 268.0646381378174 0
1706890071105 278.9209871292114 0
1706890071178 289.6936140060425 0
1706890071246 300.50844860076904 0
1706890071318 311.283145904541 0
1706890071385 322.1376028060913 0
1706890071457 332.87182235717773 0
1706890071534 343.6239433288574 0
1706890071612 354.43317794799805 0
1706890071685 365.06230640411377 0
1706890071758 375.7405767440796 0
1706890071830 386.4616060256958 0
1706890071904 397.21924114227295 0
1706890071975 408.0172805786133 0
1706890072050 418.58715057373047 0
1706890072120 429.2819814682007 0
1706890072195 439.8944311141968 0
1706890072264 450.6967611312866 0
1706890072346 461.38280296325684 0
1706890072423 471.9689407348633 0
1706890072496 482.81161308288574 0
1706890072563 493.7087936401367 0
1706890072635 504.3923330307007 0
1706890072701 515.2591705322266 0
1706890072770 525.9923896789551 0
1706890072836 536.8187465667725 0
1706890072906 547.6062412261963 0
1706890072972 558.2524261474609 0
1706890073042 568.9606399536133 0
1706890073108 579.7391242980957 0
1706890073180 590.4665699005127 0
1706890073246 601.0752534866333 0
1706890073319 611.7630825042725 0
1706890073386 622.4921398162842 0
1706890073459 633.2930450439453 0
1706890073531 644.0467958450317 0
1706890073603 654.6971273422241 0
1706890073670 665.4804811477661 0
1706890073739 676.1771697998047 0
1706890073809 686.994306564331 0
1706890073881 697.7380886077881 0
1706890073947 708.4962253570557 0
1706890074019 719.1365032196045 0
1706890074087 729.7798185348511 0
1706890074159 740.5427474975586 0
1706890074227 751.1729316711426 0
1706890074298 761.830491065979 0
1706890074365 772.5274953842163 0
1706890074435 783.1844882965088 0
1706890074501 793.9850330352783 0
1706890074573 804.7339935302734 0
1706890074641 815.5596361160278 0
1706890074711 826.3572626113892 0
1706890074776 837.1208848953247 0
1706890074846 847.8612623214722 0
1706890074914 858.4837398529053 0
1706890074985 869.2898368835449 0
1706890075051 880.095458984375 0
1706890075120 890.8327388763428 0
1706890075188 901.7262020111084 0
1706890075260 912.4363594055176 0
1706890075327 923.1026344299316 0
1706890075398 933.7560386657715 0
1706890075466 944.428219795227 0
1706890075536 955.2180919647217 0
1706890075602 965.9040279388428 0
1706890075674 976.6918182373047 0
1706890075744 987.3920888900757 0
1706890075814 998.1282472610474 0
1706890075881 1008.829363822937 0
1706890075952 1019.6395788192749 0
1706890076019 1030.288353919983 0
1706890076090 1040.996485710144 0
1706890076156 1051.7185945510864 0
1706890076226 1062.5021324157715 0
1706890076293 1073.1441612243652 0
1706890076363 1083.8281755447388 0
1706890076430 1094.4484395980835 0
1706890076503 1105.175485610962 0
1706890076570 1116.0447912216187 0
1706890076639 1126.65101146698 0
1706890076706 1137.4724645614624 0
1706890076777 1148.1798753738403 0
1706890076847 1158.9076251983643 0
1706890076918 1169.511076927185 0
1706890076984 1180.298451423645 0
1706890077057 1191.0464735031128 0
1706890077126 1201.8106565475464 0
1706890077196 1212.5309858322144 0
1706890077262 1223.306653022766 0
1706890077331 1233.9016122817993 0
1706890077399 1244.5839176177979 0
1706890077470 1255.239543914795 0
1706890077537 1266.0340337753296 0
1706890077608 1276.880555152893 0
1706890077675 1287.5501546859741 0
1706890077744 1298.389033317566 0
1706890077812 1309.1145524978638 0
1706890077883 1319.8440103530884 0
1706890077954 1330.5743227005005 0
1706890078025 1341.452540397644 0
1706890078094 1352.1458911895752 0
1706890078163 1362.885217666626 0
1706890078229 1373.694522857666 0
1706890078300 1384.5314207077026 0
1706890078367 1395.3657903671265 0
1706890078437 1406.0697221755981 0
1706890078503 1416.7545490264893 0
1706890078576 1427.4276247024536 0
1706890078642 1438.188817024231 0
1706890078713 1448.9934005737305 0
1706890078780 1459.805256843567 0
1706890078850 1470.6640300750732 0
1706890078917 1481.3733711242676 0
1706890078990 1492.1399898529053 0
1706890079063 1502.8638191223145 0
1706890079136 1513.5670127868652 0
1706890079208 1524.2161149978638 0
1706890079279 1534.8584833145142 0
1706890079347 1545.557957649231 0
1706890079417 1556.2052545547485 0
1706890079484 1567.041696548462 0
1706890079555 1577.7502555847168 0
1706890079623 1588.4098348617554 0
1706890079696 1599.1225137710571 0
1706890079765 1609.9314918518066 0
1706890079836 1620.5665979385376 0
1706890079906 1631.3510074615479 0
1706890079977 1641.932520866394 0
1706890080044 1652.5723390579224 0
1706890080118 1663.3008403778076 0
1706890080187 1674.030632019043 0
1706890080255 1684.7245225906372 0
1706890080322 1695.5081090927124 0
1706890080392 1706.198161125183 0
1706890080458 1716.9932346343994 0
1706890080529 1727.7044258117676 0
1706890080597 1738.457911491394 0
1706890080667 1749.267949104309 0
1706890080735 1760.0267324447632 0
1706890080805 1770.7353315353394 0
1706890080871 1781.538173675537 0
1706890080942 1792.4012060165405 0
1706890081009 1803.0819787979126 0
1706890081082 1813.7514820098877 0
1706890081189 1824.4540386199951 0
1706890081301 1835.184892654419 0
1706890081367 1845.8949241638184 0
1706890081437 1856.6217641830444 0
1706890081506 1867.2003183364868 0
1706890081576 1877.8295316696167 0
1706890081642 1888.4160604476929 0
1706890081711 1899.0312595367432 0
1706890081778 1909.7245502471924 0
1706890081848 1920.530288696289 0
1706890081914 1931.3101654052734 0
1706890081985 1942.1302185058594 0
1706890082055 1952.7687244415283 0
1706890082127 1963.4060010910034 0
1706890082194 1974.1509103775024 0
1706890082263 1985.031888961792 0
1706890082334 1995.649299621582 0
1706890082405 2006.4417362213135 0
1706890082472 2017.03093624115 0
1706890082543 2027.8529605865479 0
1706890082609 2038.5779237747192 0
1706890082691 2049.4191665649414 0
1706890082764 2060.177953720093 0
1706890082835 2070.8844833374023 0
1706890082901 2081.656050682068 0
1706890082972 2092.20339679718 0
1706890083038 2102.8885889053345 0
1706890083110 2113.575885772705 0
1706890083181 2124.353536605835 0
1706890083255 2135.1120319366455 0
1706890083327 2145.787148475647 0
1706890083402 2156.4869842529297 0
1706890083478 2167.1694889068604 0
1706890083566 2177.9309463500977 0
1706890083641 2188.637303352356 0
1706890083718 2199.4500122070312 0
1706890083795 2210.1505737304688 0
1706890083875 2220.949866294861 0
1706890083978 2231.653965950012 0
1706890084061 2242.3907022476196 0
1706890084142 2253.160756111145 0
1706890084221 2263.945487976074 0
1706890084298 2274.7047424316406 0
1706890084377 2285.4581823349 0
1706890084454 2296.1752033233643 0
1706890084539 2306.9744300842285 0
1706890084615 2317.746648788452 0
1706890084690 2328.470537185669 0
1706890084762 2339.1881494522095 0
1706890084844 2349.982829093933 0
1706890084921 2360.585383415222 0
1706890085001 2371.347282409668 0
1706890085077 2382.154909133911 0
1706890085156 2392.9898653030396 0
1706890085232 2403.751591682434 0
1706890085311 2414.5931339263916 0
1706890085388 2425.3919620513916 0
1706890085467 2436.026225090027 0
1706890085546 2446.708525657654 0
1706890085623 2457.4961681365967 0
1706890085698 2468.138020515442 0
1706890085771 2478.886463165283 0
1706890085847 2489.659236907959 0
1706890085925 2500.4175329208374 0
1706890086002 2510.9727172851562 0
1706890086084 2521.681875228882 0
1706890086158 2532.3715953826904 0
1706890086238 2543.04930973053 0
1706890086312 2553.7916526794434 0
1706890086393 2564.4756412506104 0
1706890086463 2575.219672203064 0
1706890086531 2586.0553731918335 0
1706890086600 2596.6636896133423 0
1706890086673 2607.3042669296265 0
1706890086758 2618.10294342041 0
1706890086843 2628.7249040603638 0
1706890086912 2639.4537353515625 0
1706890086985 2650.1911973953247 0
1706890087058 2661.0410480499268 0
1706890087135 2671.791191101074 0
1706890087211 2682.4884881973267 0
1706890087288 2693.2188787460327 0
1706890087359 2703.925414085388 0
1706890087436 2714.5703926086426 0
1706890087507 2725.344898223877 0
1706890087581 2736.09730052948 0
1706890087656 2746.851713180542 0
1706890087732 2757.5877828598022 0
1706890087858 2768.500228881836 0
1706890087942 2779.305824279785 0
1706890088018 2790.0374269485474 0
1706890088100 2800.715765953064 0
1706890088194 2811.6039476394653 0
1706890088289 2822.441336631775 0
1706890088389 2833.032049179077 0
1706890088485 2843.838538169861 0
1706890088591 2854.6029748916626 0
1706890088685 2865.339612007141 0
1706890088801 2876.0346546173096 0
1706890088889 2886.638111114502 0
1706890088969 2897.4794874191284 0
1706890089052 2908.2029151916504 0
1706890089129 2919.0674629211426 0
1706890089204 2929.778402328491 0
1706890089282 2940.461507797241 0
1706890089352 2951.2731437683105 0
1706890089418 2961.889582633972 0
1706890089489 2972.629138946533 0
1706890089556 2983.480137825012 0
1706890089625 2994.269639968872 0
1706890089698 3004.9661226272583 0
1706890089770 3015.707455635071 0
1706890089845 3026.423303604126 0
1706890089918 3037.0635089874268 0
1706890089985 3047.7324266433716 0
1706890090054 3058.5353689193726 0
1706890090121 3069.277956008911 0
1706890090198 3080.045835494995 0
1706890090269 3090.809355735779 0
1706890090340 3101.759038925171 0
1706890090410 3112.479911804199 0
1706890090478 3123.2857484817505 0
1706890090546 3134.037889480591 0
1706890090619 3144.794330596924 0
1706890090690 3155.471908569336 0
1706890090763 3166.297597885132 0
1706890090830 3177.129795074463 0
1706890090903 3187.805485725403 0
1706890090976 3198.362332344055 0
1706890091049 3209.2102670669556 0
1706890091121 3219.966601371765 0
1706890091196 3230.6414251327515 0
1706890091273 3241.2834186553955 0
1706890091355 3252.1134004592896 0
1706890091429 3262.7927560806274 0
1706890091505 3273.4972467422485 0
1706890091575 3284.2815380096436 0
1706890091694 3295.0173110961914 0
1706890091782 3305.6094255447388 0
1706890091871 3316.419563293457 0
1706890091957 3327.0511598587036 0
1706890092033 3337.83420753479 0
1706890092102 3348.5942096710205 0
1706890092171 3359.451632499695 0
1706890092238 3370.1591262817383 0
1706890092309 3380.8031463623047 0
1706890092381 3391.4917669296265 0
1706890092461 3402.2138061523438 0
1706890092533 3413.0220403671265 0
1706890092606 3423.702700614929 0
1706890092678 3434.3679809570312 0
1706890092752 3444.9608659744263 0
1706890092822 3455.690447807312 0
1706890092893 3466.416090965271 0
1706890092964 3477.1969785690308 0
1706890093056 3487.955256462097 0
1706890093138 3498.711537361145 0
1706890093237 3509.5004739761353 0
1706890093349 3520.242699623108 0
1706890093430 3530.8867149353027 0
1706890093512 3541.746048927307 0
1706890093594 3552.376196861267 0
1706890093668 3563.1429557800293 0
1706890093742 3573.8580226898193 0
1706890093815 3584.5274810791016 0
1706890093890 3595.164917945862 0
1706890093991 3605.7784700393677 0
1706890094109 3616.5180110931396 0
1706890094294 3627.214509010315 0
1706890094546 3637.9148321151733 0
1706890094684 3648.553183555603 0
1706890094901 3659.335793495178 0
1706890094981 3669.8913230895996 0
1706890095057 3680.4736366271973 0
1706890095132 3691.1935358047485 0
1706890095210 3702.039846420288 0
1706890095282 3712.78738117218 0
1706890095355 3723.604235649109 0
1706890095422 3734.174509048462 0
1706890095504 3744.8459281921387 0
1706890095584 3755.556303024292 0
1706890095660 3766.2357788085938 0
1706890095735 3776.9165000915527 0
1706890095813 3787.6505641937256 0
1706890095884 3798.337287902832 0
1706890095960 3809.0591344833374 0
1706890096030 3819.7879457473755 0
1706890096104 3830.573398590088 0
1706890096181 3841.252329826355 0
1706890096257 3852.032030105591 0
1706890096332 3862.6330881118774 0
1706890096410 3873.2550048828125 0
1706890096484 3883.93643951416 0
1706890096574 3894.7128324508667 0
1706890096647 3905.393021583557 0
1706890096720 3916.1931982040405 0
1706890096790 3926.951418876648 0
1706890096867 3937.6539268493652 0
1706890096935 3948.4671154022217 0
1706890097004 3959.1332483291626 0
1706890097106 3969.8242540359497 0
1706890097201 3980.4745960235596 0
1706890097267 3991.296028137207 0
1706890097335 4002.07355594635 0
1706890097403 4012.8302154541016 0
1706890097474 4023.543825149536 0
1706890097545 4034.3261756896973 0
1706890097620 4044.9589853286743 0
1706890097698 4055.6703548431396 0
1706890097778 4066.4034156799316 0
1706890097851 4077.2158880233765 0
1706890097931 4088.15003490448 0
1706890098015 4098.963599205017 0
1706890098099 4109.787510871887 0
1706890098172 4120.453515052795 0
1706890098250 4131.221792221069 0
1706890098323 4141.990792274475 0
1706890098405 4152.816116333008 0
1706890098497 4163.542149543762 0
1706890098579 4174.256230354309 0
1706890098647 4185.073556900024 0
1706890098718 4195.733024597168 0
1706890098785 4206.510516166687 0
1706890098858 4217.366493225098 0
1706890098930 4228.085141181946 0
1706890099005 4238.790870666504 0
1706890099077 4249.560319900513 0
1706890099157 4260.294057846069 0
1706890099229 4271.084830284119 0
1706890099301 4281.7147579193115 0
1706890099370 4292.497289657593 0
1706890099442 4303.242924690247 0
1706890099514 4314.059005737305 0
1706890099588 4324.798219680786 0
1706890099655 4335.533753395081 0
1706890099731 4346.204745292664 0
1706890099802 4356.8760051727295 0
1706890099876 4367.593777656555 0
1706890099947 4378.491300582886 0
1706890100022 4389.23771572113 0
1706890100096 4399.974927902222 0
1706890100171 4410.755513191223 0
1706890100247 4421.447242736816 0
1706890100329 4432.258016586304 0
1706890100400 4443.074445724487 0
1706890100473 4453.776985168457 0
1706890100544 4464.441291809082 0
1706890100617 4475.054531097412 0
1706890100689 4485.795252799988 0
1706890100773 4496.478856086731 0
1706890100844 4507.21192073822 0
1706890100925 4517.922978401184 0
1706890100998 4528.58975315094 0
1706890101085 4539.420072555542 0
1706890101157 4550.150659561157 0
1706890101227 4560.875136375427 0
1706890101293 4571.627094268799 0
1706890101362 4582.424731254578 0
1706890101436 4593.20080280304 0
1706890101512 4603.918296813965 0
1706890101585 4614.622715950012 0
1706890101658 4625.388313293457 0
1706890101732 4636.139904975891 0
1706890101813 4646.868955612183 0
1706890101892 4657.4936237335205 0
1706890101967 4668.12042427063 0
1706890102038 4678.934186935425 0
1706890102113 4689.611351966858 0
1706890102185 4700.372880935669 0
1706890102259 4711.037222862244 0
1706890102331 4721.760514259338 0
1706890102404 4732.560715675354 0
1706890102477 4743.226396560669 0
1706890102568 4754.059522628784 0
1706890102643 4764.762185096741 0
1706890102730 4775.624266624451 0
1706890102800 4786.423426628113 0
1706890102869 4797.089285850525 0
1706890102936 4807.792231559753 0
1706890103005 4818.455495834351 0
1706890103073 4829.226947784424 0
1706890103145 4840.0932970047 0
1706890103218 4850.853528022766 0
1706890103290 4861.681337356567 0
1706890103358 4872.433793067932 0
1706890103427 4883.247201919556 0
1706890103499 4893.998916625977 0
1706890103578 4904.674817085266 0
1706890103655 4915.312699317932 0
1706890103735 4925.957717895508 0
1706890103810 4936.738173484802 0
1706890103886 4947.330021858215 0
1706890103962 4958.156043052673 0
1706890104039 4968.89500617981 0
1706890104119 4979.589568138123 0
1706890104194 4990.271164894104 0
1706890104266 5000.9722537994385 0
1706890104347 5011.709396362305 0
1706890104418 5022.423939704895 0
1706890104492 5033.063614845276 0
1706890104567 5043.919965744019 0
1706890104644 5054.663284301758 0
1706890104722 5065.457313537598 0
1706890104800 5076.320317268372 0
1706890104874 5087.025980949402 0
1706890104948 5097.653343200684 0
1706890105025 5108.419909477234 0
1706890105110 5119.1457052230835 0
1706890105229 5129.941299438477 0
1706890105308 5140.734318733215 0
1706890105408 5151.364725112915 0
1706890105499 5161.951856613159 0
1706890105588 5172.684103012085 0
1706890105666 5183.393820762634 0
1706890105747 5194.20263004303 0
1706890105854 5204.815162658691 0
1706890105964 5215.496562957764 0
1706890106056 5226.3495264053345 0
1706890106140 5237.225040435791 0
1706890106226 5247.876742362976 0
1706890106304 5258.545714378357 0
1706890106414 5269.33388710022 0
1706890106488 5280.1012506484985 0
1706890106562 5290.952576637268 0
1706890106631 5301.713285446167 0
1706890106704 5312.398202896118 0
1706890106779 5322.9706172943115 0
1706890106857 5333.746602058411 0
1706890106928 5344.420479774475 0
1706890106998 5355.008710861206 0
1706890107070 5365.778303146362 0
1706890107145 5376.482355117798 0
1706890107216 5387.27134513855 0
1706890107288 5397.9531145095825 0
1706890107358 5408.845779418945 0
1706890107431 5419.684191703796 0
1706890107505 5430.438059806824 0
1706890107578 5441.161644935608 0
1706890107655 5451.915810585022 0
1706890107733 5462.76881313324 0
1706890107808 5473.541032791138 0
1706890107887 5484.239521026611 0
1706890107964 5495.027970314026 0
1706890108040 5505.794644355774 0
1706890108115 5516.431327819824 0
1706890108196 5527.170184135437 0
1706890108275 5537.859685897827 0
1706890108356 5548.599024772644 0
1706890108428 5559.274642944336 0
1706890108502 5569.898632049561 0
1706890108578 5580.776785850525 0
1706890108666 5591.540209770203 0
1706890108751 5602.373012542725 0
1706890108822 5612.9847621917725 0
1706890108891 5623.849946022034 0
1706890108960 5634.576910972595 0
1706890109028 5645.288887023926 0
1706890109101 5656.0126276016235 0
1706890109169 5666.572695732117 0
1706890109240 5677.236813545227 0
1706890109314 5687.850496292114 0
1706890109396 5698.6076402664185 0
1706890109465 5709.403458595276 0
1706890109537 5720.127365112305 0
1706890109604 5730.940396308899 0
1706890109674 5741.550437927246 0
1706890109743 5752.406694412231 0
1706890109823 5763.1367835998535 0
1706890109899 5773.890006065369 0
1706890109975 5784.68691444397 0
1706890110052 5795.361897468567 0
1706890110136 5806.108622550964 0
1706890110209 5816.750727653503 0
1706890110284 5827.530090332031 0
1706890110354 5838.182846069336 0
1706890110429 5849.016930580139 0
1706890110505 5859.748832702637 0
1706890110580 5870.46986579895 0
1706890110662 5881.228812217712 0
1706890110741 5891.966944694519 0
1706890110816 5902.758060455322 0
1706890110892 5913.465685844421 0
1706890110965 5924.2205448150635 0
1706890111041 5934.975707054138 0
1706890111120 5945.6415758132935 0
1706890111205 5956.281041145325 0
1706890111281 5967.082588195801 0
1706890111365 5977.573009490967 0
1706890111437 5988.274477005005 0
1706890111513 5998.993100166321 0
1706890111589 6009.669678688049 0
1706890111663 6020.342358589172 0
1706890111736 6031.178802490234 0
1706890111814 6041.861604690552 0
1706890111888 6052.468078613281 0
1706890111965 6063.226388931274 0
1706890112066 6074.073971748352 0
1706890112235 6084.792607307434 0
1706890112308 6095.648676872253 0
1706890112384 6106.28265953064 0
1706890112454 6116.9749002456665 0
1706890112530 6127.77520942688 0
1706890112607 6138.539175987244 0
1706890112697 6149.282700538635 0
1706890112783 6159.963979721069 0
1706890112860 6170.6592655181885 0
1706890112936 6181.3534870147705 0
1706890113013 6192.091844558716 0
1706890113091 6202.797854423523 0
1706890113168 6213.577265739441 0
1706890113236 6224.331159591675 0
1706890113311 6234.932860374451 0
1706890113390 6245.692505836487 0
1706890113547 6256.446918487549 0
1706890113650 6267.318936347961 0
1706890113731 6278.065625190735 0
1706890113806 6288.669653892517 0
1706890113887 6299.485733985901 0
1706890113964 6310.300424575806 0
1706890114041 6321.154358863831 0
1706890114118 6331.896717071533 0
1706890114198 6342.532764434814 0
1706890114274 6353.346174240112 0
1706890114358 6364.03800201416 0
1706890114437 6374.77680015564 0
1706890114515 6385.492183685303 0
1706890114592 6396.210775375366 0
1706890114669 6406.88249206543 0
1706890114739 6417.67908000946 0
1706890114813 6428.355192184448 0
1706890114882 6439.00319480896 0
1706890114956 6449.877551078796 0
1706890115029 6460.532979011536 0
1706890115099 6471.363078117371 0
1706890115170 6482.136247634888 0
1706890115243 6492.940794944763 0
1706890115315 6503.566625595093 0
1706890115395 6514.215984344482 0
1706890115469 6525.006739616394 0
1706890115547 6535.635871887207 0
1706890115619 6546.307236671448 0
1706890115699 6556.971135139465 0
1706890115775 6567.631319999695 0
1706890115851 6578.3310470581055 0
1706890115927 6588.988986968994 0
1706890116002 6599.748464584351 0
1706890116082 6610.339745521545 0
1706890116163 6621.170795440674 0
1706890116237 6631.873553276062 0
1706890116314 6642.569800376892 0
1706890116386 6653.23436832428 0
1706890116464 6663.976391792297 0
1706890116540 6674.553095817566 0
1706890116620 6685.227479934692 0
1706890116688 6695.845236778259 0
1706890116760 6706.508464813232 0
1706890116834 6717.284912109375 0
1706890116910 6728.021586418152 0
1706890116983 6738.708137512207 0
1706890117060 6749.53008556366 0
1706890117132 6760.192420959473 0
1706890117221 6770.979360580444 0
1706890117294 6781.69885635376 0
1706890117366 6792.457536697388 0
1706890117438 6803.253480911255 0
1706890117513 6814.062342643738 0
1706890117584 6824.822992324829 0
1706890117657 6835.552578926086 0
1706890117725 6846.255637168884 0
1706890117796 6856.808153152466 0
1706890117864 6867.538436889648 0
1706890117940 6878.19246673584 0
1706890118014 6888.98321056366 0
1706890118090 6899.878720283508 0
1706890118159 6910.4754428863525 0
1706890118239 6921.170793533325 0
1706890118314 6931.892970085144 0
1706890118390 6942.796535491943 0
1706890118461 6953.523752212524 0
1706890118535 6964.256593704224 0
1706890118604 6974.957221984863 0
1706890118678 6985.611613273621 0
1706890118752 6996.3457679748535 0
1706890118824 7007.185167312622 0
1706890118898 7017.996223449707 0
1706890118978 7028.706179618835 0
1706890119061 7039.34729385376 0
1706890119142 7050.0759019851685 0
1706890119215 7060.786438941956 0
1706890119289 7071.464583396912 0
1706890119377 7082.171831130981 0
1706890119455 7092.85050868988 0
1706890119534 7103.635370254517 0
1706890119607 7114.248020172119 0
1706890119679 7125.123175621033 0
1706890119751 7135.827575683594 0
1706890119822 7146.56641292572 0
1706890119906 7157.30167388916 0
1706890119983 7168.1331996917725 0
1706890120067 7178.827660560608 0
1706890120142 7189.502885818481 0
1706890120218 7200.1852350234985 0
1706890120289 7210.997525215149 0
1706890120360 7221.706585884094 0
1706890120429 7232.376008987427 0
1706890120500 7243.136837005615 0
1706890120573 7253.806906700134 0
1706890120651 7264.652238845825 0
1706890120721 7275.317132949829 0
1706890120791 7285.99472618103 0
1706890120862 7296.637363433838 0
1706890120940 7307.308867454529 0
1706890121015 7317.999967575073 0
1706890121096 7328.716567993164 0
1706890121171 7339.33812046051 0
1706890121272 7349.951303482056 0
1706890121353 7360.797684669495 0
1706890121429 7371.540014266968 0
1706890121502 7382.289138793945 0
1706890121571 7392.927942276001 0
1706890121651 7403.654356002808 0
1706890121742 7414.293871879578 0
1706890121824 7425.063919067383 0
1706890121904 7435.791452407837 0
1706890121984 7446.486523628235 0
1706890122060 7457.303339958191 0
1706890122131 7467.917676925659 0
1706890122213 7478.688046455383 0
1706890122316 7489.391638755798 0
1706890122412 7500.118202209473 0
1706890122487 7510.837819099426 0
1706890122561 7521.511694908142 0
1706890122631 7532.210466384888 0
1706890122706 7542.824504852295 0
1706890122782 7553.5920305252075 0
1706890122871 7564.332895278931 0
1706890122959 7574.961718559265 0
1706890123035 7585.669836997986 0
1706890123106 7596.133200645447 0
1706890123186 7606.894948959351 0
1706890123258 7617.600953102112 0
1706890123334 7628.245074272156 0
1706890123408 7639.04674911499 0
1706890123482 7649.803636550903 0
1706890123557 7660.499153137207 0
1706890123637 7671.330123901367 0
1706890123711 7681.924427032471 0
1706890123789 7692.763566970825 0
1706890123863 7703.470827102661 0
1706890123941 7714.220964431763 0
1706890124019 7724.952272415161 0
1706890124100 7735.716372489929 0
1706890124176 7746.426084518433 0
1706890124254 7757.1481285095215 0
1706890124326 7767.910674095154 0
1706890124403 7778.619468688965 0
1706890124480 7789.3838720321655 0
1706890124557 7800.075536727905 0
1706890124630 7810.718566894531 0
1706890124708 7821.42488193512 0
1706890124790 7832.220547676086 0
1706890124873 7843.037612915039 0
1706890124952 7853.815071105957 0
1706890125028 7864.571571350098 0
1706890125101 7875.257586479187 0
1706890125179 7885.943270683289 0
1706890125258 7896.621739387512 0
1706890125332 7907.347011566162 0
1706890125404 7918.091550827026 0
1706890125478 7928.789482116699 0
1706890125552 7939.495370864868 0
1706890125626 7950.139875411987 0
1706890125697 7960.902118682861 0
1706890125774 7971.40837097168 0
1706890125852 7982.053833961487 0
1706890125937 7992.725378036499 0
1706890126012 8003.484680175781 0
1706890126083 8014.21386051178 0
1706890126150 8025.021431922913 0
1706890126221 8035.801981925964 0
1706890126291 8046.5599155426025 0
1706890126368 8057.256767272949 0
1706890126442 8068.059989929199 0
1706890126521 8078.757242202759 0
1706890126600 8089.4592390060425 0
1706890126688 8100.175184249878 0
1706890126764 8110.9274435043335 0
1706890126840 8121.621350288391 0
1706890126913 8132.287056922913 0
1706890126989 8142.928288459778 0
1706890127062 8153.65613079071 0
1706890127137 8164.238972663879 0
1706890127211 8174.926131248474 0
1706890127289 8185.617205619812 0
1706890127363 8196.263959884644 0
1706890127442 8206.886840820312 0
1706890127522 8217.591574668884 0
1706890127602 8228.372169494629 0
1706890127681 8239.107935905457 0
1706890127760 8249.740076065063 0
1706890127838 8260.42651462555 0
1706890127924 8271.118976593018 0
1706890127993 8281.824341773987 0
1706890128067 8292.585083961487 0
1706890128143 8303.323643684387 0
1706890128224 8314.080631256104 0
1706890128301 8324.77962398529 0
1706890128380 8335.485053062439 0
1706890128453 8346.315585136414 0
1706890128531 8357.178186416626 0
1706890128613 8367.841475486755 0
1706890128691 8378.629415512085 0
1706890128769 8389.369080543518 0
1706890128857 8399.963380813599 0
1706890128927 8410.601848602295 0
1706890129000 8421.468489646912 0
1706890129079 8432.20081615448 0
1706890129157 8442.861974716187 0
1706890129231 8453.572428703308 0
1706890129387 8464.215777397156 0
1706890129483 8474.782760620117 0
1706890129571 8485.427202224731 0
1706890129643 8496.19612979889 0
1706890129724 8506.905272483826 0
1706890129810 8517.586550712585 0
1706890129885 8528.251989364624 0
1706890129954 8539.024276733398 0
1706890130031 8549.764667510986 0
1706890130106 8560.422291755676 0
1706890130183 8571.29602432251 0
1706890130251 8581.919641494751 0
1706890130322 8592.517302513123 0
1706890130390 8603.118008613586 0
1706890130464 8613.762251853943 0
1706890130533 8624.588399887085 0
1706890130607 8635.246725082397 0
1706890130675 8646.004509925842 0
1706890130748 8656.619342803955 0
1706890130814 8667.343353271484 0
1706890130891 8677.98721408844 0
1706890130961 8688.563389778137 0
1706890131033 8699.429119110107 0
1706890131103 8710.173927307129 0
1706890131173 8720.971616744995 0
1706890131242 8731.695271492004 0
1706890131313 8742.479806900024 0
1706890131381 8753.15598487854 0
1706890131452 8763.816689491272 0
1706890131512 8774.771627426147 0
1706890131611 10.716019630432129 0
1706890131680 21.39824676513672 0
1706890131751 32.137413024902344 0
1706890131818 42.86701583862305 0
1706890131888 53.5338249206543 0
1706890131959 64.13553047180176 0
1706890132036 74.98058223724365 0
1706890132105 85.58895778656006 0
1706890132176 96.3624849319458 0
1706890132246 107.25506210327148 0
1706890132317 118.02332496643066 0
1706890132386 128.68255424499512 0
1706890132459 139.4681282043457 0
1706890132528 150.23920440673828 0
1706890132601 160.84954357147217 0
1706890132669 171.47025680541992 0
1706890132742 182.17636585235596 0
1706890132820 192.91167831420898 0
1706890132896 203.69489765167236 0
1706890132966 214.30498790740967 0
1706890133039 225.03307437896729 0
1706890133109 235.68762111663818 0
1706890133191 246.3522605895996 0
1706890133261 257.1275386810303 0
1706890133335 267.72535037994385 0
1706890133404 278.30835914611816 0
1706890133473 288.89615631103516 0
1706890133541 299.692831993103 0
1706890133610 310.4053192138672 0
1706890133678 321.1376705169678 0
1706890133748 331.80953788757324 0
1706890133816 342.57897758483887 0
1706890133887 353.3941068649292 0
1706890133955 364.0290517807007 0
1706890134028 374.9197816848755 0
1706890134102 385.7564706802368 0
1706890134173 396.38962745666504 0
1706890134244 407.15133571624756 0
1706890134323 417.89741802215576 0
1706890134395 428.5667152404785 0
1706890134471 439.338210105896 0
1706890134542 450.09258460998535 0
1706890134614 460.7441864013672 0
1706890134682 471.4432125091553 0
1706890134753 482.2890329360962 0
1706890134818 492.94585609436035 0
1706890134888 503.6924295425415 0
1706890134956 514.387131690979 0
1706890135030 525.0968008041382 0
1706890135102 535.7991771697998 0
1706890135191 546.6024351119995 0
1706890135259 557.2511367797852 0
1706890135330 567.9727554321289 0
1706890135400 578.7190170288086 0
1706890135486 589.465410232544 0
1706890135560 600.2004766464233 0
1706890135652 610.9445295333862 0
1706890135725 621.6202554702759 0
1706890135800 632.3069581985474 0
1706890135870 643.0986328125 0
1706890135944 653.8508310317993 0
1706890136013 664.5991172790527 0
1706890136088 675.2761487960815 0
1706890136171 686.0179595947266 0
1706890136246 696.7130718231201 0
1706890136313 707.3454666137695 0
1706890136386 717.9836483001709 0
1706890136455 728.8075466156006 0
1706890136528 739.4756326675415 0
1706890136600 750.2316341400146 0
1706890136674 760.9244155883789 0
1706890136743 771.5891914367676 0
1706890136816 782.2947683334351 0
1706890136884 792.8993291854858 0
1706890136955 803.6747961044312 0
1706890137023 814.4559097290039 0
1706890137095 825.2097444534302 0
1706890137163 835.9355430603027 0
1706890137236 846.5698480606079 0
1706890137308 857.2830934524536 0
1706890137389 868.1207113265991 0
1706890137464 878.8760948181152 0
1706890137540 889.579701423645 0
1706890137618 900.1964845657349 0
1706890137700 910.8466358184814 0
1706890137780 921.7741708755493 0
1706890137860 932.5310382843018 0
1706890137936 943.2580060958862 0
1706890138016 953.8993062973022 0
1706890138091 964.6206903457642 0
1706890138169 975.2568550109863 0
1706890138245 985.8715944290161 0
1706890138317 996.4533567428589 0
1706890138389 1007.1842021942139 0
1706890138468 1017.7848873138428 0
1706890138536 1028.5072984695435 0
1706890138610 1039.2108688354492 0
1706890138681 1050.073718070984 0
1706890138756 1060.7872428894043 0
1706890138837 1071.5601778030396 0
1706890138913 1082.2770042419434 0
1706890138990 1092.9844331741333 0
1706890139073 1103.580002784729 0
1706890139149 1114.3954973220825 0
1706890139227 1125.2779426574707 0
1706890139299 1135.9265699386597 0
1706890139396 1146.571961402893 0
1706890139475 1157.2878532409668 0
1706890139555 1168.0240678787231 0
1706890139631 1178.81476688385 0
1706890139711 1189.485258102417 0
1706890139786 1200.2204875946045 0
1706890139865 1210.9569444656372 0
1706890139952 1221.728141784668 0
1706890140041 1232.406744003296 0
1706890140120 1243.1028757095337 0
1706890140201 1253.7324447631836 0
1706890140289 1264.516261100769 0
1706890140382 1275.3684549331665 0
1706890140470 1286.0876731872559 0
1706890140551 1296.7461805343628 0
1706890140626 1307.4189529418945 0
1706890140710 1318.1669301986694 0
1706890140802 1328.8482666015625 0
1706890140888 1339.5501041412354 0
1706890140958 1350.0530834197998 0
1706890141035 1360.7519216537476 0
1706890141111 1371.4961442947388 0
1706890141190 1382.1450719833374 0
1706890141262 1392.7525300979614 0
1706890141416 1403.5160417556763 0
1706890141500 1414.2250366210938 0
1706890141584 1424.8872652053833 0
1706890141666 1435.6410818099976 0
1706890141750 1446.4376554489136 0
1706890141824 1457.2960605621338 0
1706890141905 1467.9976444244385 0
1706890141983 1478.66903591156 0
1706890142066 1489.286729812622 0
1706890142143 1499.955225944519 0
1706890142243 1510.7305555343628 0
1706890142340 1521.42223072052 0
1706890142426 1532.018814086914 0
1706890142507 1542.7466878890991 0
1706890142585 1553.4925508499146 0
1706890142668 1564.1850519180298 0
1706890142786 1574.7911167144775 0
1706890142861 1585.4846258163452 0
1706890142939 1596.1559171676636 0
1706890143012 1606.9297504425049 0
1706890143089 1617.705358505249 0
1706890143169 1628.5410451889038 0
1706890143242 1639.3382759094238 0
1706890143315 1649.9220085144043 0
1706890143387 1660.6024293899536 0
1706890143465 1671.3724899291992 0
1706890143540 1681.9636964797974 0
1706890143609 1692.574016571045 0
1706890143681 1703.3632698059082 0
1706890143751 1714.0630979537964 0
1706890143820 1724.7680597305298 0
1706890143889 1735.4814462661743 0
1706890143961 1746.0956420898438 0
1706890144032 1756.8213205337524 0
1706890144103 1767.4587144851685 0
1706890144173 1778.3169050216675 0
1706890144243 1789.0754146575928 0
1706890144311 1799.7438106536865 0
1706890144381 1810.4618244171143 0
1706890144447 1821.2415599822998 0
1706890144518 1831.7623653411865 0
1706890144593 1842.6111545562744 0
1706890144676 1853.2561826705933 0
1706890144752 1864.0396709442139 0
1706890144827 1874.7418575286865 0
1706890144904 1885.3399200439453 0
1706890144981 1896.0682926177979 0
1706890145055 1906.79896068573 0
1706890145133 1917.41477394104 0
1706890145207 1928.1536169052124 0
1706890145279 1938.9046573638916 0
1706890145347 1949.6431798934937 0
1706890145419 1960.2863397598267 0
1706890145493 1970.9876680374146 0
1706890145568 1981.8016004562378 0
1706890145646 1992.5333728790283 0
1706890145730 2003.274868965149 0
1706890145803 2013.9602136611938 0
1706890145876 2024.5820989608765 0
1706890145946 2035.3547353744507 0
1706890146021 2046.0480518341064 0
1706890146147 2056.778633117676 0
1706890146222 2067.354348182678 0
1706890146296 2078.0007610321045 0
1706890146372 2088.7481079101562 0
1706890146442 2099.4704151153564 0
1706890146514 2110.1548652648926 0
1706890146582 2120.888717651367 0
1706890146654 2131.617105484009 0
1706890146723 2142.3274717330933 0
1706890146828 2152.9538650512695 0
1706890146902 2163.6439685821533 0
1706890146980 2174.3320455551147 0
1706890147052 2184.8655529022217 0
1706890147126 2195.5350732803345 0
1706890147198 2206.2569093704224 0
1706890147275 2217.0690202713013 0
1706890147349 2227.8158283233643 0
1706890147423 2238.5935564041138 0
1706890147498 2249.3265590667725 0
1706890147570 2260.013418197632 0
1706890147639 2270.8380031585693 0
1706890147714 2281.5599670410156 0
1706890147782 2292.2358903884888 0
1706890147854 2302.8866596221924 0
1706890147928 2313.5408029556274 0
1706890148002 2324.383171081543 0
1706890148074 2334.93323802948 0
1706890148151 2345.7036838531494 0
1706890148225 2356.440791130066 0
1706890148302 2366.979955673218 0
1706890148375 2377.58491897583 0
1706890148453 2388.4118642807007 0
1706890148521 2399.0247135162354 0
1706890148596 2409.7496070861816 0
1706890148666 2420.3945569992065 0
1706890148744 2430.953957557678 0
1706890148819 2441.640482902527 0
1706890148900 2452.353094100952 0
1706890148983 2463.0490703582764 0
1706890149074 2473.7107152938843 0
1706890149150 2484.4064540863037 0
1706890149231 2495.2024993896484 0
1706890149309 2505.9346532821655 0
1706890149395 2516.584183692932 0
1706890149484 2527.384364128113 0
1706890149571 2538.154233932495 0
1706890149645 2548.85001373291 0
1706890149722 2559.5506477355957 0
1706890149794 2570.2353372573853 0
1706890149870 2580.861527442932 0
1706890149938 2591.6516695022583 0
1706890150012 2602.3880338668823 0
1706890150088 2613.203811645508 0
1706890150173 2623.956768989563 0
1706890150259 2634.651734352112 0
1706890150338 2645.5329933166504 0
1706890150408 2656.1263275146484 0
1706890150487 2666.801513671875 0
1706890150559 2677.5499897003174 0
1706890150634 2688.1752014160156 0
1706890150703 2698.8919563293457 0
1706890150779 2709.422263145447 0
1706890150852 2720.1636486053467 0
1706890150927 2730.815052986145 0
1706890151001 2741.4843769073486 0
1706890151077 2752.1105308532715 0
1706890151151 2762.8696088790894 0
1706890151226 2773.636953353882 0
1706890151301 2784.204969406128 0
1706890151383 2794.887921333313 0
1706890151483 2805.5625925064087 0
1706890151565 2816.1782455444336 0
1706890151636 2826.9687004089355 0
1706890151711 2837.71791267395 0
1706890151786 2848.417085647583 0
1706890151859 2859.3597412109375 0
1706890151927 2870.1040964126587 0
1706890151997 2880.7606410980225 0
1706890152066 2891.535044670105 0
1706890152137 2902.218252182007 0
1706890152210 2912.935260772705 0
1706890152285 2923.7165298461914 0
1706890152362 2934.4422998428345 0
1706890152435 2945.1549882888794 0
1706890152510 2955.817153930664 0
1706890152595 2966.5220432281494 0
1706890152669 2977.2727842330933 0
1706890152745 2988.0889234542847 0
1706890152817 2998.758988380432 0
1706890152892 3009.4647312164307 0
1706890152962 3020.220076560974 0
1706890153033 3030.8221168518066 0
1706890153102 3041.4831161499023 0
1706890153172 3052.092212677002 0
1706890153238 3062.7742824554443 0
1706890153311 3073.5079135894775 0
1706890153377 3084.1327629089355 0
1706890153449 3094.6744318008423 0
1706890153516 3105.298973083496 0
1706890153586 3116.056216239929 0
1706890153655 3126.714942932129 0
1706890153730 3137.3613958358765 0
1706890153801 3147.860577583313 0
1706890153872 3158.593095779419 0
1706890153938 3169.372585296631 0
1706890154009 3179.9339513778687 0
1706890154105 3190.7203159332275 0
1706890154179 3201.4298038482666 0
1706890154248 3212.083450317383 0
1706890154318 3223.048815727234 0
1706890154388 3233.7355546951294 0
1706890154459 3244.4374284744263 0
1706890154528 3255.1287231445312 0
1706890154599 3265.7416772842407 0
1706890154669 3276.3813905715942 0
1706890154745 3287.1108255386353 0
1706890154817 3297.747155189514 0
1706890154891 3308.4365978240967 0
1706890154960 3319.1157512664795 0
1706890155032 3329.7921390533447 0
1706890155101 3340.4131050109863 0
1706890155174 3350.989661216736 0
1706890155245 3361.5974740982056 0
1706890155325 3372.302523612976 0
1706890155398 3382.9709510803223 0
1706890155475 3393.685523033142 0
1706890155547 3404.409605026245 0
1706890155682 3415.280945777893 0
1706890155779 3425.939612388611 0
1706890155854 3436.643099784851 0
1706890155935 3447.2554664611816 0
1706890156017 3457.949249267578 0
1706890156091 3468.695764541626 0
1706890156167 3479.3939905166626 0
1706890156242 3490.257773399353 0
1706890156316 3500.947650909424 0
1706890156390 3511.689088821411 0
1706890156464 3522.3816747665405 0
1706890156535 3533.0922355651855 0
1706890156612 3543.79350566864 0
1706890156685 3554.5060176849365 0
1706890156761 3565.165517807007 0
1706890156832 3575.9064559936523 0
1706890156904 3586.7647666931152 0
1706890156978 3597.4313020706177 0
1706890157048 3608.1952543258667 0
1706890157120 3618.85066986084 0
1706890157193 3629.6503114700317 0
1706890157264 3640.456852912903 0
1706890157333 3651.250186920166 0
1706890157401 3661.7582693099976 0
1706890157473 3672.4583253860474 0
1706890157544 3683.1366205215454 0
1706890157615 3693.876943588257 0
1706890157683 3704.5440979003906 0
1706890157755 3715.1736907958984 0
1706890157822 3725.9178647994995 0
1706890157893 3736.5502309799194 0
1706890157962 3747.070673942566 0
1706890158034 3757.77716255188 0
1706890158112 3768.507953643799 0
1706890158194 3779.190553665161 0
1706890158275 3789.873222351074 0
1706890158352 3800.553999900818 0
1706890158422 3811.1592588424683 0
1706890158504 3821.882308959961 0
1706890158583 3832.428050994873 0
1706890158660 3843.1986503601074 0
1706890158732 3853.9626569747925 0
1706890158806 3864.6986293792725 0
1706890158875 3875.6007776260376 0
1706890158947 3886.3126745224 0
1706890159019 3897.043007850647 0
1706890159105 3907.7837886810303 0
1706890159181 3918.513608932495 0
1706890159254 3929.2796125411987 0
1706890159324 3939.9387493133545 0
1706890159403 3950.630888938904 0
1706890159478 3961.3075704574585 0
1706890159553 3972.004858970642 0
1706890159628 3982.6842651367188 0
1706890159705 3993.3987865448 0
1706890159778 4004.0172023773193 0
1706890159854 4014.7111463546753 0
1706890159931 4025.460778236389 0
1706890160007 4036.2315616607666 0
1706890160080 4046.956793785095 0
1706890160158 4057.616539955139 0
1706890160230 4068.3133115768433 0
1706890160305 4079.06822013855 0
1706890160384 4089.8322010040283 0
1706890160462 4100.412043571472 0
1706890160534 4111.071454048157 0
1706890160603 4121.685940742493 0
1706890160672 4132.311576843262 0
1706890160746 4142.946526527405 0
1706890160817 4153.589318275452 0
1706890160890 4164.356369972229 0
1706890160960 4174.8849992752075 0
1706890161032 4185.684325218201 0
1706890161100 4196.503120422363 0
1706890161171 4207.190011024475 0
1706890161239 4217.886490821838 0
1706890161309 4228.695446968079 0
1706890161377 4239.432423591614 0
1706890161446 4250.201211929321 0
1706890161513 4260.832839012146 0
1706890161597 4271.5298318862915 0
1706890161672 4282.229497909546 0
1706890161744 4292.936817169189 0
1706890161815 4303.708141326904 0
1706890161887 4314.443474769592 0
1706890161956 4325.213175773621 0
1706890162027 4335.959045410156 0
1706890162095 4346.639420509338 0
1706890162165 4357.450795173645 0
1706890162235 4368.1706647872925 0
1706890162355 4378.985547065735 0
1706890162428 4389.772924423218 0
1706890162504 4400.6047286987305 0
1706890162578 4411.151566505432 0
1706890162657 4421.800217628479 0
1706890162727 4432.569705963135 0
1706890162803 4443.327851295471 0
1706890162870 4454.017810821533 0
1706890162941 4464.785774230957 0
1706890163006 4475.470941543579 0
1706890163076 4486.190398216248 0
1706890163146 4496.932110786438 0
1706890163215 4507.676363945007 0
1706890163285 4518.303273200989 0
1706890163354 4529.0937242507935 0
1706890163423 4539.846327781677 0
1706890163494 4550.5631675720215 0
1706890163563 4561.298063278198 0
1706890163634 4572.0784521102905 0
1706890163702 4582.689761161804 0
1706890163771 4593.4603061676025 0
1706890163841 4604.278853416443 0
1706890163919 4614.991570472717 0
1706890163986 4625.699991226196 0
1706890164093 4636.218037605286 0
1706890164239 4647.008301734924 0
1706890164309 4657.672960281372 0
1706890164377 4668.30048084259 0
1706890164448 4678.967323303223 0
1706890164516 4689.759846687317 0
1706890164586 4700.34948348999 0
1706890164658 4711.028624534607 0
1706890164732 4721.717761993408 0
1706890164937 4732.3829526901245 0
1706890165033 4742.902886390686 0
1706890165108 4753.565814971924 0
1706890165192 4764.206659317017 0
1706890165268 4774.876763343811 0
1706890165343 4785.688514709473 0
1706890165417 4796.3719692230225 0
1706890165488 4807.2080364227295 0
1706890165557 4817.8715534210205 0
1706890165629 4828.56817817688 0
1706890165699 4839.253005981445 0
1706890165771 4850.043939590454 0
1706890165840 4860.717479705811 0
1706890165910 4871.6013879776 0
1706890165980 4882.202296257019 0
1706890166050 4892.895943641663 0
1706890166123 4903.631237030029 0
1706890166203 4914.284683227539 0
1706890166274 4924.920793533325 0
1706890166347 4935.600673675537 0
1706890166416 4946.345792770386 0
1706890166489 4957.156183242798 0
1706890166561 4967.7420263290405 0
1706890166631 4978.288949012756 0
1706890166701 4988.852116584778 0
1706890166776 4999.437039375305 0
1706890166849 5010.059923171997 0
1706890166923 5020.883218765259 0
1706890166996 5031.582337379456 0
1706890167071 5042.273797988892 0
1706890167146 5052.920836448669 0
1706890167226 5063.572277069092 0
1706890167304 5074.330394744873 0
1706890167376 5084.77238368988 0
1706890167450 5095.548483848572 0
1706890167525 5106.171057701111 0
1706890167598 5116.845108985901 0
1706890167672 5127.323425292969 0
1706890167743 5138.101728439331 0
1706890167814 5148.778923034668 0
1706890167888 5159.514854431152 0
1706890167969 5170.211322784424 0
1706890168044 5180.906703948975 0
1706890168118 5191.55766582489 0
1706890168190 5202.272024154663 0
1706890168267 5213.243971824646 0
1706890168341 5223.912459373474 0
1706890168418 5234.544965744019 0
1706890168488 5245.232058525085 0
1706890168563 5255.945109367371 0
1706890168635 5266.730600357056 0
1706890168711 5277.334595680237 0
1706890168784 5288.107011795044 0
1706890168858 5298.669876098633 0
1706890168929 5309.383825302124 0
1706890169006 5320.064756393433 0
1706890169079 5330.675312042236 0
1706890169183 5341.365966796875 0
1706890169253 5352.157841682434 0
1706890169330 5362.903486251831 0
1706890169405 5373.696622848511 0
1706890169490 5384.397207260132 0
1706890169566 5395.204115867615 0
1706890169642 5405.923385620117 0
1706890169716 5416.657804489136 0
1706890169790 5427.338074684143 0
1706890169864 5438.13130569458 0
1706890169940 5448.87340259552 0
1706890170011 5459.5028257369995 0
1706890170084 5470.262543678284 0
1706890170158 5481.013993263245 0
1706890170234 5491.700560569763 0
1706890170370 5502.454461097717 0
1706890170465 5513.127986907959 0
1706890170537 5523.628465652466 0
1706890170609 5534.285280227661 0
1706890170684 5544.901109695435 0
1706890170757 5555.577977180481 0
1706890170829 5566.45027923584 0
1706890170907 5577.051309585571 0
1706890170980 5587.903706550598 0
1706890171056 5598.59451675415 0
1706890171125 5609.344228744507 0
1706890171200 5619.925253868103 0
1706890171273 5630.66398525238 0
1706890171345 5641.254887580872 0
1706890171417 5651.955020904541 0
1706890171492 5662.55949306488 0
1706890171559 5673.3967027664185 0
1706890171632 5684.172689437866 0
1706890171702 5694.923645973206 0
1706890171790 5705.589592933655 0
1706890171888 5716.217980384827 0
1706890171969 5726.78577041626 0
1706890172040 5737.665511131287 0
1706890172117 5748.458610534668 0
1706890172189 5758.980531692505 0
1706890172266 5769.69207572937 0
1706890172363 5780.453884124756 0
1706890172447 5791.133339881897 0
1706890172521 5801.787004470825 0
1706890172592 5812.520156860352 0
1706890172661 5823.246163368225 0
1706890172736 5834.115467071533 0
1706890172816 5844.92468547821 0
1706890172901 5855.609848022461 0
1706890172980 5866.3789529800415 0
1706890173055 5877.1186418533325 0
1706890173128 5887.690577507019 0
1706890173202 5898.36853313446 0
1706890173278 5909.135711669922 0
1706890173352 5919.8694677352905 0
1706890173421 5930.484205245972 0
1706890173491 5941.17601108551 0
1706890173559 5951.865609169006 0
1706890173632 5962.383044242859 0
1706890173702 5973.067742347717 0
1706890173774 5983.765966415405 0
1706890173845 5994.341626167297 0
1706890173918 6005.036184310913 0
1706890173988 6015.755753517151 0
1706890174061 6026.4526081085205 0
1706890174167 6037.045642852783 0
1706890174243 6047.776619911194 0
1706890174315 6058.563027381897 0
1706890174388 6069.244530677795 0
1706890174462 6079.879373550415 0
1706890174533 6090.502562522888 0
1706890174602 6101.152310371399 0
1706890174672 6111.924697875977 0
1706890174741 6122.420069694519 0
1706890174811 6133.094635009766 0
1706890174879 6143.868297576904 0
1706890174949 6154.613269805908 0
1706890175017 6165.27316570282 0
1706890175088 6175.971835136414 0
1706890175156 6186.710204124451 0
1706890175228 6197.4524755477905 0
1706890175300 6208.181640625 0
1706890175370 6218.871796607971 0
1706890175438 6229.558129310608 0
1706890175507 6240.22709274292 0
1706890175573 6250.957111358643 0
1706890175643 6261.555458068848 0
1706890175709 6272.121639251709 0
1706890175779 6282.814129829407 0
1706890175848 6293.3680028915405 0
1706890175919 6304.152409553528 0
1706890175986 6314.823317527771 0
1706890176057 6325.477313041687 0
1706890176124 6336.232474327087 0
1706890176194 6346.854946136475 0
1706890176264 6357.4892683029175 0
1706890176337 6368.112466812134 0
1706890176411 6378.828186035156 0
1706890176481 6389.532278060913 0
1706890176551 6400.238173484802 0
1706890176620 6411.123190879822 0
1706890176688 6421.90758895874 0
1706890176758 6432.536746025085 0
1706890176825 6443.194556236267 0
1706890176895 6453.811340332031 0
1706890176962 6464.533236503601 0
1706890177033 6475.235392570496 0
1706890177100 6485.866528511047 0
1706890177170 6496.46350479126 0
1706890177237 6507.088494300842 0
1706890177306 6517.824106216431 0
1706890177373 6528.520592689514 0
1706890177451 6539.134937286377 0
1706890177522 6549.810111045837 0
1706890177590 6560.469946861267 0
1706890177658 6571.068749427795 0
1706890177727 6581.867272377014 0
1706890177800 6592.644793510437 0
1706890177874 6603.265300750732 0
1706890177945 6614.011618614197 0
1706890178020 6624.6983070373535 0
1706890178089 6635.243312835693 0
1706890178161 6645.971173286438 0
1706890178230 6656.667637825012 0
1706890178302 6667.3758020401 0
1706890178374 6677.993146896362 0
1706890178449 6688.654327392578 0
1706890178520 6699.401470184326 0
1706890178666 6710.052884101868 0
1706890178766 6720.756560325623 0
1706890178854 6731.354514122009 0
1706890178926 6742.16140460968 0
1706890178996 6752.793390274048 0
1706890179062 6763.433712005615 0
1706890179131 6774.125150680542 0
1706890179200 6784.690819740295 0
1706890179270 6795.5446310043335 0
1706890179432 6806.21465587616 0
1706890179520 6816.986840248108 0
1706890179592 6827.747177124023 0
1706890179669 6838.502261161804 0
1706890179744 6849.1432456970215 0
1706890179828 6859.962044715881 0
1706890179903 6870.577266693115 0
1706890179997 6881.336610794067 0
1706890180076 6891.937858581543 0
1706890180156 6902.599174499512 0
1706890180227 6913.395958900452 0
1706890180304 6924.215224266052 0
1706890180375 6934.876179695129 0
1706890180453 6945.708642959595 0
1706890180520 6956.212725639343 0
1706890180592 6966.89840221405 0
1706890180661 6977.517942428589 0
1706890180736 6988.208522796631 0
1706890180809 6999.0319480896 0
1706890180886 7009.783172607422 0
1706890180967 7020.486064910889 0
1706890181050 7031.173227310181 0
1706890181121 7041.80847454071 0
1706890181194 7052.4236669540405 0
1706890181264 7063.14453792572 0
1706890181343 7073.992408752441 0
1706890181437 7084.641571998596 0
1706890181522 7095.252158164978 0
1706890181595 7105.86842250824 0
1706890181668 7116.504192352295 0
1706890181741 7127.278232574463 0
1706890181816 7137.891895294189 0
1706890181889 7148.471520423889 0
1706890181968 7159.33734703064 0
1706890182043 7170.092652320862 0
1706890182125 7180.758317947388 0
1706890182199 7191.446939468384 0
1706890182273 7202.103549003601 0
1706890182348 7212.795916557312 0
1706890182423 7223.325640678406 0
1706890182502 7234.071954727173 0
1706890182579 7244.806736946106 0
1706890182654 7255.46045589447 0
1706890182733 7266.186182975769 0
1706890182805 7277.019593238831 0
1706890182920 7287.6612911224365 0
1706890183080 7298.301266670227 0
1706890183158 7308.8932275772095 0
1706890183232 7319.494490623474 0
1706890183310 7330.117792129517 0
1706890183378 7340.790662765503 0
1706890183447 7351.531664848328 0
1706890183514 7362.193254470825 0
1706890183584 7372.888695716858 0
1706890183651 7383.53307056427 0
1706890183721 7394.200916290283 0
1706890183789 7404.86229133606 0
1706890183858 7415.57954120636 0
1706890183926 7426.401825904846 0
1706890183995 7436.998819351196 0
1706890184063 7447.612121582031 0
1706890184134 7458.291004180908 0
1706890184202 7469.162780761719 0
1706890184321 7479.74662399292 0
1706890184404 7490.42405128479 0
1706890184485 7501.221620559692 0
1706890184556 7511.678382873535 0
1706890184633 7522.260001182556 0
1706890184708 7532.9644203186035 0
1706890184786 7543.659143447876 0
1706890184878 7554.350904464722 0
1706890184963 7564.970245361328 0
1706890185039 7575.6144342422485 0
1706890185122 7586.323992729187 0
1706890185196 7596.815577507019 0
1706890185273 7607.3596115112305 0
1706890185347 7618.129221916199 0
1706890185424 7628.818049430847 0
1706890185505 7639.631624221802 0
1706890185582 7650.292437553406 0
1706890185655 7660.966382026672 0
1706890185729 7671.724860191345 0
1706890185802 7682.276875495911 0
1706890185878 7693.008476257324 0
1706890185952 7703.693936347961 0
1706890186026 7714.331525802612 0
1706890186094 7725.171292304993 0
1706890186167 7735.801016807556 0
1706890186236 7746.502546310425 0
1706890186306 7757.220409393311 0
1706890186374 7767.919548988342 0
1706890186445 7778.661352157593 0
1706890186517 7789.360301017761 0
1706890186592 7800.043061256409 0
1706890186661 7810.806346893311 0
1706890186732 7821.549771308899 0
1706890186800 7832.169443130493 0
1706890186872 7843.014404296875 0
1706890186939 7853.7377672195435 0
1706890187010 7864.370042800903 0
1706890187123 7875.00680065155 0
1706890187212 7885.691942214966 0
1706890187279 7896.31459236145 0
1706890187350 7906.938755989075 0
1706890187419 7917.54074382782 0
1706890187491 7928.129095077515 0
1706890187559 7938.916580200195 0
1706890187630 7949.722522735596 0
1706890187702 7960.275378227234 0
1706890187775 7970.944415092468 0
1706890187845 7981.52728843689 0
1706890187922 7992.240960121155 0
1706890187989 8002.884644508362 0
1706890188061 8013.531573295593 0
1706890188129 8024.265679359436 0
1706890188200 8034.9307317733765 0
1706890188267 8045.642539024353 0
1706890188338 8056.473783493042 0
1706890188406 8067.200015068054 0
1706890188476 8077.887494087219 0
1706890188542 8088.419853210449 0
1706890188613 8099.046813964844 0
1706890188679 8109.882573127747 0
1706890188749 8120.585391998291 0
1706890188820 8131.21503162384 0
1706890188893 8141.944191932678 0
1706890188962 8152.7287492752075 0
1706890189034 8163.628616333008 0
1706890189105 8174.19913482666 0
1706890189176 8184.879400253296 0
1706890189244 8195.602168083191 0
1706890189316 8206.296431541443 0
1706890189382 8217.016160011292 0
1706890189454 8227.656084060669 0
1706890189523 8238.272030830383 0
1706890189603 8248.950073242188 0
1706890189669 8259.715025901794 0
1706890189740 8270.568117141724 0
1706890189809 8281.237504959106 0
1706890189881 8291.963461875916 0
1706890189957 8302.506381034851 0
1706890190027 8313.14657497406 0
1706890190095 8323.853219985962 0
1706890190165 8334.564762115479 0
1706890190232 8345.346355438232 0
1706890190303 8355.990266799927 0
1706890190369 8366.800137519836 0
1706890190440 8377.492020606995 0
1706890190508 8388.208368301392 0
1706890190580 8399.004328727722 0
1706890190646 8409.60104751587 0
1706890190717 8420.186790466309 0
1706890190784 8430.774911880493 0
1706890190854 8441.464512825012 0
1706890190920 8452.03134059906 0
1706890190998 8462.706922531128 0
1706890191070 8473.406497955322 0
1706890191141 8484.07016658783 0
1706890191207 8494.873027801514 0
1706890191278 8505.498847961426 0
1706890191348 8516.177934646606 0
1706890191418 8526.977840423584 0
1706890191490 8537.677208900452 0
1706890191561 8548.337118148804 0
1706890191629 8559.069505691528 0
1706890191701 8569.805879592896 0
1706890191769 8580.331079483032 0
1706890191839 8591.024363517761 0
1706890191908 8601.649766921997 0
1706890191981 8612.414659500122 0
1706890192048 8623.050854682922 0
1706890192123 8633.696484565735 0
1706890192194 8644.41742515564 0
1706890192265 8655.015226364136 0
1706890192332 8665.597884178162 0
1706890192404 8676.36766910553 0
1706890192471 8687.181632041931 0
1706890192543 8697.783420562744 0
1706890192609 8708.520917892456 0
1706890192679 8719.246379852295 0
1706890192747 8729.92650794983 0
1706890192820 8740.606486320496 0
1706890192876 8751.188568115234 0
1706890192975 10.609295845031738 0
1706890193043 21.2857027053833 0
1706890193121 31.96664810180664 0
1706890193208 42.54792022705078 0
1706890193284 53.23989963531494 0
1706890193354 63.901344299316406 0
1706890193425 74.66889762878418 0
1706890193496 85.42261028289795 0
1706890193569 96.13635349273682 0
1706890193637 106.95059490203857 0
1706890193709 117.72287845611572 0
1706890193776 128.3893232345581 0
1706890193846 138.9026575088501 0
1706890193914 149.57533264160156 0
1706890193984 160.23400115966797 0
1706890194052 171.02369022369385 0
1706890194132 181.65011596679688 0
1706890194202 192.2901029586792 0
1706890194274 203.05235385894775 0
1706890194346 213.8667278289795 0
1706890194419 224.45162296295166 0
1706890194485 235.1097240447998 0
1706890194558 245.8937702178955 0
1706890194625 256.681077003479 0
1706890194697 267.44440269470215 0
1706890194762 278.14137077331543 0
1706890194833 288.7854013442993 0
1706890194900 299.30345726013184 0
1706890194971 309.9382038116455 0
1706890195037 320.6489448547363 0
1706890195107 331.3319845199585 0
1706890195179 341.95746517181396 0
1706890195250 352.6985263824463 0
1706890195317 363.3817014694214 0
1706890195387 374.02732372283936 0
1706890195463 384.61244678497314 0
1706890195537 395.17329120635986 0
1706890195604 405.8976650238037 0
1706890195674 416.63150691986084 0
1706890195740 427.4681339263916 0
1706890195814 438.2161922454834 0
1706890195880 448.82420444488525 0
1706890195951 459.52818298339844 0
1706890196018 470.21230030059814 0
1706890196090 480.9999475479126 0
1706890196156 491.74512004852295 0
1706890196228 502.5599555969238 0
1706890196295 513.2908449172974 0
1706890196365 523.9697418212891 0
1706890196433 534.689661026001 0
1706890196506 545.2982807159424 0
1706890196580 556.0683250427246 0
1706890196650 566.8165397644043 0
1706890196717 577.4593677520752 0
1706890196786 588.04576587677 0
1706890196855 598.8259315490723 0
1706890196926 609.5272045135498 0
1706890196993 620.2803640365601 0
1706890197064 630.8866548538208 0
1706890197131 641.6779136657715 0
1706890197202 652.4096412658691 0
1706890197269 662.9005784988403 0
1706890197340 673.6718416213989 0
1706890197405 684.3263654708862 0
1706890197478 695.0188636779785 0
1706890197547 705.64271068573 0
1706890197620 716.3305902481079 0
1706890197691 726.8549451828003 0
1706890197762 737.5891103744507 0
1706890197831 748.2696380615234 0
1706890197902 758.9216060638428 0
1706890197969 769.5331830978394 0
1706890198060 780.0815734863281 0
1706890198134 790.6362705230713 0
1706890198211 801.3173809051514 0
1706890198281 812.2166366577148 0
1706890198363 822.9546985626221 0
1706890198433 833.5652799606323 0
1706890198504 844.1666498184204 0
1706890198577 854.7700700759888 0
1706890198653 865.3909997940063 0
1706890198727 876.1397247314453 0
1706890198807 886.9328117370605 0
1706890198879 897.6783084869385 0
1706890198951 908.3855237960815 0
1706890199020 918.970664024353 0
1706890199094 929.6684007644653 0
1706890199166 940.5256929397583 0
1706890199242 951.1337270736694 0
1706890199320 961.6988763809204 0
1706890199397 972.348219871521 0
1706890199473 982.9793891906738 0
1706890199553 993.6234712600708 0
1706890199633 1004.2673826217651 0
1706890199710 1014.9445877075195 0
1706890199789 1025.5705938339233 0
1706890199872 1036.173119544983 0
1706890199950 1046.9499950408936 0
1706890200031 1057.5150747299194 0
1706890200108 1068.1445083618164 0
1706890200187 1078.9125518798828 0
1706890200261 1089.6200904846191 0
1706890200339 1100.26411819458 0
1706890200415 1111.0003604888916 0
1706890200493 1121.6550941467285 0
1706890200569 1132.3977785110474 0
1706890200646 1143.0621900558472 0
1706890200720 1153.8220481872559 0
1706890200796 1164.5632047653198 0
1706890200871 1175.191493988037 0
1706890200949 1185.698989868164 0
1706890201026 1196.4362030029297 0
1706890201106 1207.0596570968628 0
1706890201176 1217.8428897857666 0
1706890201245 1228.4663333892822 0
1706890201317 1239.0892915725708 0
1706890201389 1249.8773279190063 0
1706890201458 1260.585361480713 0
1706890201534 1271.2019443511963 0
1706890201610 1281.9569787979126 0
1706890201685 1292.5902795791626 0
1706890201762 1303.2244834899902 0
1706890201839 1313.985876083374 0
1706890201913 1324.7088251113892 0
1706890201990 1335.2648372650146 0
1706890202073 1345.989336013794 0
1706890202197 1356.6362648010254 0
1706890202278 1367.307954788208 0
1706890202388 1377.917631149292 0
1706890202465 1388.6547021865845 0
1706890202541 1399.4144229888916 0
1706890202611 1410.0858688354492 0
1706890202713 1420.7837924957275 0
1706890202795 1431.2032022476196 0
1706890202872 1441.9174242019653 0
1706890202949 1452.6631412506104 0
1706890203027 1463.240737915039 0
1706890203117 1473.8601579666138 0
1706890203201 1484.4957513809204 0
1706890203275 1495.2182912826538 0
1706890203357 1505.8890171051025 0
1706890203437 1516.5537748336792 0
1706890203513 1527.1935081481934 0
1706890203588 1537.9122343063354 0
1706890203665 1548.6479330062866 0
1706890203739 1559.3288488388062 0
1706890203814 1569.981990814209 0
1706890203883 1580.6550226211548 0
1706890203956 1591.4659442901611 0
1706890204022 1602.228678703308 0
1706890204092 1612.88583278656 0
1706890204161 1623.4538745880127 0
1706890204233 1634.143235206604 0
1706890204302 1644.8585424423218 0
1706890204377 1655.4490957260132 0
1706890204449 1666.123031616211 0
1706890204528 1676.7397422790527 0
1706890204602 1687.4047212600708 0
1706890204673 1698.0935802459717 0
1706890204745 1708.684970855713 0
1706890204818 1719.4216260910034 0
1706890204890 1730.2371587753296 0
1706890204961 1741.0177183151245 0
1706890205029 1751.7702865600586 0
1706890205103 1762.4337787628174 0
1706890205172 1773.1730365753174 0
1706890205244 1783.9444665908813 0
1706890205315 1794.65367603302 0
1706890205389 1805.3956899642944 0
1706890205461 1816.1236991882324 0
1706890205532 1826.9641733169556 0
1706890205608 1837.5283994674683 0
1706890205680 1848.1351203918457 0
1706890205748 1858.7751035690308 0
1706890205819 1869.464204788208 0
1706890205888 1880.1483745574951 0
1706890205961 1890.765456199646 0
1706890206029 1901.4333248138428 0
1706890206101 1912.084327697754 0
1706890206172 1922.797366142273 0
1706890206244 1933.5421199798584 0
1706890206313 1944.2435035705566 0
1706890206383 1955.0361423492432 0
1706890206450 1965.7646808624268 0
1706890206520 1976.4957151412964 0
1706890206588 1987.2703428268433 0
1706890206663 1997.8305807113647 0
1706890206736 2008.4714031219482 0
1706890206809 2019.0393381118774 0
1706890206881 2029.5163764953613 0
1706890206954 2040.223575592041 0
1706890207025 2050.9956407546997 0
1706890207097 2061.803360939026 0
1706890207168 2072.5978660583496 0
1706890207240 2083.1732721328735 0
1706890207310 2093.732886314392 0
1706890207381 2104.39555644989 0
1706890207449 2115.1512393951416 0
1706890207518 2125.8314485549927 0
1706890207588 2136.526924133301 0
1706890207658 2147.3437185287476 0
1706890207726 2157.953996658325 0
1706890207805 2168.5627794265747 0
1706890207882 2179.2570390701294 0
1706890207954 2189.921414375305 0
1706890208022 2200.6985902786255 0
1706890208093 2211.346092224121 0
1706890208162 2221.9624195098877 0
1706890208235 2232.7417516708374 0
1706890208303 2243.5630645751953 0
1706890208375 2254.246000289917 0
1706890208445 2264.816548347473 0
1706890208522 2275.509051322937 0
1706890208595 2286.2398920059204 0
1706890208674 2297.0209798812866 0
1706890208749 2307.6626443862915 0
1706890208821 2318.279866218567 0
1706890208892 2328.8768253326416 0
1706890208969 2339.5006074905396 0
1706890209036 2350.2879781723022 0
1706890209107 2361.0212478637695 0
1706890209175 2371.8416318893433 0
1706890209249 2382.639877319336 0
1706890209319 2393.462718963623 0
1706890209392 2404.032367706299 0
1706890209461 2414.6681509017944 0
1706890209535 2425.4486837387085 0
1706890209605 2436.0998964309692 0
1706890209685 2446.8528442382812 0
1706890209758 2457.5100774765015 0
1706890209836 2468.2759189605713 0
1706890209906 2478.861336708069 0
1706890209983 2489.43000125885 0
1706890210057 2500.161054611206 0
1706890210132 2510.910279273987 0
1706890210233 2521.5430116653442 0
1706890210322 2532.186499595642 0
1706890210406 2542.9146795272827 0
1706890210481 2553.534504890442 0
1706890210550 2564.0597162246704 0
1706890210624 2574.7456817626953 0
1706890210692 2585.4255352020264 0
1706890210763 2595.9526014328003 0
1706890210831 2606.6865072250366 0
1706890210902 2617.3164863586426 0
1706890210977 2628.154252052307 0
1706890211051 2638.8351974487305 0
1706890211131 2649.640971183777 0
1706890211211 2660.308491706848 0
1706890211283 2670.944848060608 0
1706890211362 2681.73019695282 0
1706890211436 2692.440040588379 0
1706890211515 2703.2400522232056 0
1706890211595 2713.7890424728394 0
1706890211674 2724.337489128113 0
1706890211748 2734.9196577072144 0
1706890211827 2745.706859588623 0
1706890211899 2756.390290260315 0
1706890211977 2767.040843963623 0
1706890212046 2777.6523904800415 0
1706890212115 2788.371771812439 0
1706890212182 2799.037307739258 0
1706890212262 2809.7279081344604 0
1706890212332 2820.354543685913 0
1706890212405 2831.1440839767456 0
1706890212482 2841.814426422119 0
1706890212559 2852.5235109329224 0
1706890212634 2863.27512550354 0
1706890212713 2874.007881164551 0
1706890212788 2884.7183513641357 0
1706890212867 2895.4908542633057 0
1706890212940 2906.061402320862 0
1706890213018 2916.8178329467773 0
1706890213096 2927.348868370056 0
1706890213176 2938.103549003601 0
1706890213251 2948.7038383483887 0
1706890213333 2959.414023399353 0
1706890213412 2970.022689819336 0
1706890213490 2980.6686029434204 0
1706890213568 2991.283103942871 0
1706890213649 3001.9901695251465 0
1706890213722 3012.7689838409424 0
1706890213802 3023.597855567932 0
1706890213873 3034.3673362731934 0
1706890213948 3044.8896617889404 0
1706890214022 3055.5471267700195 0
1706890214097 3066.055519104004 0
1706890214172 3076.9864358901978 0
1706890214248 3087.5587368011475 0
1706890214322 3098.3664588928223 0
1706890214415 3108.976613998413 0
1706890214496 3119.6062593460083 0
1706890214574 3130.3606481552124 0
1706890214650 3141.032681465149 0
1706890214726 3151.773953437805 0
1706890214801 3162.4962453842163 0
1706890214901 3173.027413368225 0
1706890215017 3183.678307533264 0
1706890215091 3194.434558868408 0
1706890215167 3205.1135540008545 0
1706890215242 3215.8042488098145 0
1706890215319 3226.499746322632 0
1706890215397 3237.2599534988403 0
1706890215471 3248.019109725952 0
1706890215549 3258.616784095764 0
1706890215631 3269.1425437927246 0
1706890215708 3279.7366733551025 0
1706890215782 3290.422975540161 0
1706890215855 3301.078577041626 0
1706890215922 3311.9060821533203 0
1706890215992 3322.4609394073486 0
1706890216060 3333.1147050857544 0
1706890216129 3343.753685951233 0
1706890216199 3354.4797897338867 0
1706890216279 3365.2818088531494 0
1706890216351 3375.883086204529 0
1706890216427 3386.552387237549 0
1706890216501 3397.3812856674194 0
1706890216579 3408.021206855774 0
1706890216654 3418.556308746338 0
1706890216733 3429.1897888183594 0
1706890216805 3439.9211416244507 0
1706890216880 3450.551199913025 0
1706890216954 3461.286015510559 0
1706890217028 3472.0178804397583 0
1706890217099 3482.633454322815 0
1706890217172 3493.3082971572876 0
1706890217246 3503.971260070801 0
1706890217317 3514.512996673584 0
1706890217385 3525.1791315078735 0
1706890217458 3535.8710947036743 0
1706890217526 3546.637403488159 0
1706890217603 3557.3365211486816 0
1706890217675 3568.09676361084 0
1706890217752 3578.679271697998 0
1706890217830 3589.297197341919 0
1706890217903 3599.946904182434 0
1706890217971 3610.655571937561 0
1706890218040 3621.2474670410156 0
1706890218106 3631.837466239929 0
1706890218177 3642.5336332321167 0
1706890218244 3653.2123279571533 0
1706890218314 3663.812313079834 0
1706890218383 3674.5034141540527 0
1706890218453 3685.2929220199585 0
1706890218520 3695.8995790481567 0
1706890218591 3706.7514667510986 0
1706890218663 3717.3750581741333 0
1706890218732 3728.1052894592285 0
1706890218799 3738.8616609573364 0
1706890218871 3749.475419998169 0
1706890218943 3760.2108449935913 0
1706890219014 3770.891058921814 0
1706890219138 3781.521209716797 0
1706890219216 3791.976981163025 0
1706890219288 3802.6625871658325 0
1706890219364 3813.245789527893 0
1706890219432 3823.9100131988525 0
1706890219503 3834.668020248413 0
1706890219569 3845.4139823913574 0
1706890219641 3856.2298097610474 0
1706890219712 3866.9140672683716 0
1706890219783 3877.563015937805 0
1706890219852 3888.29647064209 0
1706890219924 3898.9218349456787 0
1706890219998 3909.695203781128 0
1706890220072 3920.3883352279663 0
1706890220140 3931.156897544861 0
1706890220209 3941.7730016708374 0
1706890220279 3952.318748474121 0
1706890220351 3962.93793964386 0
1706890220419 3973.6050777435303 0
1706890220490 3984.1843070983887 0
1706890220560 3994.9030904769897 0
1706890220630 4005.6288957595825 0
1706890220699 4016.2397060394287 0
1706890220770 4026.7843809127808 0
1706890220839 4037.410367012024 0
1706890220910 4047.9401664733887 0
1706890220979 4058.631676673889 0
1706890221057 4069.377830505371 0
1706890221137 4080.029890060425 0
1706890221214 4090.6919803619385 0
1706890221292 4101.439476013184 0
1706890221367 4112.1923828125 0
1706890221434 4122.808563232422 0
1706890221507 4133.314253807068 0
1706890221574 4143.885778427124 0
1706890221646 4154.49617099762 0
1706890221713 4165.131217002869 0
1706890221788 4175.811356544495 0
1706890221864 4186.4347858428955 0
1706890221944 4197.162281990051 0
1706890222019 4207.941539764404 0
1706890222095 4218.846585273743 0
1706890222172 4229.508815765381 0
1706890222254 4240.147575378418 0
1706890222341 4250.8512926101685 0
1706890222434 4261.48083782196 0
1706890222506 4272.421862602234 0
1706890222584 4283.097943305969 0
1706890222668 4293.803436279297 0
1706890222741 4304.347787857056 0
1706890222809 4314.916045188904 0
1706890222886 4325.510202407837 0
1706890222957 4336.247723579407 0
1706890223028 4346.995453834534 0
1706890223101 4357.744216918945 0
1706890223178 4368.41953086853 0
1706890223324 4379.163764953613 0
1706890223398 4389.8500871658325 0
1706890223469 4400.539577484131 0
1706890223539 4411.162972450256 0
1706890223607 4421.728516578674 0
1706890223682 4432.199988365173 0
1706890223755 4442.896528244019 0
1706890223843 4453.557864189148 0
1706890223918 4464.285490989685 0
1706890223998 4475.00834941864 0
1706890224070 4485.630814552307 0
1706890224147 4496.293807029724 0
1706890224222 4506.922082901001 0
1706890224306 4517.589611053467 0
1706890224387 4528.269491195679 0
1706890224476 4539.081334114075 0
1706890224553 4549.9278955459595 0
1706890224645 4560.634349822998 0
1706890224717 4571.314431190491 0
1706890224786 4581.910342216492 0
1706890224856 4592.440169334412 0
1706890224931 4603.027148246765 0
1706890225009 4613.576640129089 0
1706890225088 4624.262345314026 0
1706890225163 4635.043908119202 0
1706890225239 4645.699932098389 0
1706890225309 4656.414421081543 0
1706890225383 4667.0928201675415 0
1706890225456 4677.797913551331 0
1706890225531 4688.401936531067 0
1706890225611 4699.163151741028 0
1706890225690 4709.965620040894 0
1706890225761 4720.560095787048 0
1706890225835 4731.311114311218 0
1706890225902 4742.061265945435 0
1706890225973 4752.686715126038 0
1706890226043 4763.381219863892 0
1706890226118 4774.077479362488 0
1706890226189 4784.608810424805 0
1706890226261 4795.296778678894 0
1706890226327 4806.12633228302 0
1706890226399 4816.772249221802 0
1706890226469 4827.544722557068 0
1706890226547 4838.269248962402 0
1706890226621 4848.777210235596 0
1706890226701 4859.5019245147705 0
1706890226781 4870.2434158325195 0
1706890226859 4880.963096618652 0
1706890226931 4891.51655292511 0
1706890227007 4902.161074638367 0
1706890227080 4912.807802200317 0
1706890227153 4923.378126144409 0
1706890227221 4934.06693649292 0
1706890227291 4944.589648246765 0
1706890227360 4955.185188293457 0
1706890227432 4966.009748458862 0
1706890227510 4976.524154663086 0
1706890227586 4987.158132553101 0
1706890227663 4997.742760658264 0
1706890227740 5008.364679336548 0
1706890227819 5018.97235584259 0
1706890227900 5029.49862575531 0
1706890227976 5040.226209640503 0
1706890228052 5051.027063369751 0
1706890228124 5061.51117515564 0
1706890228196 5072.150603294373 0
1706890228265 5082.682241439819 0
1706890228337 5093.332984924316 0
1706890228405 5103.884049415588 0
1706890228477 5114.466333389282 0
1706890228545 5125.157940864563 0
1706890228615 5135.801772117615 0
1706890228683 5146.278515815735 0
1706890228753 5157.043478965759 0
1706890228820 5167.83015537262 0
1706890228891 5178.430387496948 0
1706890228964 5188.9841232299805 0
1706890229034 5199.496334075928 0
1706890229102 5210.01296710968 0
1706890229171 5220.605222702026 0
1706890229237 5231.321539878845 0
1706890229306 5242.0295753479 0
1706890229373 5252.641514778137 0
1706890229449 5263.436918258667 0
1706890229523 5274.1956033706665 0
1706890229599 5284.765400886536 0
1706890229672 5295.551357269287 0
1706890229749 5306.113050460815 0
1706890229818 5316.67483997345 0
1706890229888 5327.286507606506 0
1706890229957 5337.938140869141 0
1706890230031 5348.5169887542725 0
1706890230103 5359.269991874695 0
1706890230175 5369.976367950439 0
1706890230248 5380.907173156738 0
1706890230319 5391.549595832825 0
1706890230388 5402.143180847168 0
1706890230459 5413.08574962616 0
1706890230527 5423.709092140198 0
1706890230600 5434.412311553955 0
1706890230673 5445.261459350586 0
1706890230748 5455.998497962952 0
1706890230820 5466.667819023132 0
1706890230892 5477.339211463928 0
1706890230962 5487.891184806824 0
1706890231034 5498.638918876648 0
1706890231102 5509.290452003479 0
1706890231178 5519.806776046753 0
1706890231246 5530.558711051941 0
1706890231316 5541.236681938171 0
1706890231385 5551.874611854553 0
1706890231456 5562.503828048706 0
1706890231535 5573.172787666321 0
1706890231607 5583.840180397034 0
1706890231677 5594.518260002136 0
1706890231747 5605.249671936035 0
1706890231815 5616.010474205017 0
1706890231886 5626.744172096252 0
1706890231959 5637.437843322754 0
1706890232031 5648.140472412109 0
1706890232102 5658.919850349426 0
1706890232176 5669.700505256653 0
1706890232253 5680.366574287415 0
1706890232329 5691.1555252075195 0
1706890232402 5701.684683799744 0
1706890232475 5712.35719871521 0
1706890232543 5722.926459312439 0
1706890232613 5733.762692451477 0
1706890232689 5744.352968215942 0
1706890232771 5755.146299362183 0
1706890232840 5765.7908411026 0
1706890232914 5776.525515556335 0
1706890232986 5787.165326118469 0
1706890233060 5797.834426879883 0
1706890233131 5808.645609855652 0
1706890233220 5819.307342529297 0
1706890233292 5829.990191459656 0
1706890233372 5840.742361068726 0
1706890233446 5851.433074951172 0
1706890233521 5862.104076385498 0
1706890233591 5872.634237289429 0
1706890233667 5883.175016403198 0
1706890233738 5893.797887802124 0
1706890233813 5904.417673110962 0
1706890233884 5915.027366638184 0
1706890233961 5925.750796318054 0
1706890234030 5936.432849884033 0
1706890234106 5947.039350509644 0
1706890234177 5957.679137229919 0
1706890234277 5968.343981742859 0
1706890234344 5978.922416687012 0
1706890234413 5989.4935483932495 0
1706890234486 6000.186278343201 0
1706890234557 6010.773153305054 0
1706890234623 6021.476929664612 0
1706890234693 6032.045126914978 0
1706890234760 6042.6324644088745 0
1706890234829 6053.24942779541 0
1706890234896 6063.962133407593 0
1706890234964 6074.659561157227 0
1706890235030 6085.429224014282 0
1706890235103 6096.211032867432 0
1706890235174 6106.845260620117 0
1706890235249 6117.430888175964 0
1706890235319 6127.935257911682 0
1706890235393 6138.761633872986 0
1706890235468 6149.562491416931 0
1706890235549 6160.249543190002 0
1706890235626 6170.857308387756 0
1706890235706 6181.467089653015 0
1706890235778 6192.193452835083 0
1706890235853 6202.932601928711 0
1706890235924 6213.723275184631 0
1706890235994 6224.288185119629 0
1706890236067 6234.927338600159 0
1706890236136 6245.701622009277 0
1706890236203 6256.37850856781 0
1706890236273 6267.049893379211 0
1706890236342 6277.753702163696 0
1706890236416 6288.438846588135 0
1706890236487 6299.095997810364 0
1706890236564 6309.779051780701 0
1706890236639 6320.33828830719 0
1706890236718 6330.925187110901 0
1706890236789 6341.552886009216 0
1706890236859 6352.081893920898 0
1706890236926 6362.755800247192 0
1706890236999 6373.442796707153 0
1706890237078 6383.9809494018555 0
1706890237176 6394.6675090789795 0
1706890237248 6405.312547683716 0
1706890237321 6415.923546791077 0
1706890237389 6426.6527462005615 0
1706890237461 6437.241328239441 0
1706890237531 6447.90300655365 0
1706890237600 6458.759557723999 0
1706890237668 6469.309121131897 0
1706890237739 6479.998043060303 0
1706890237813 6490.630337715149 0
1706890237936 6501.345851898193 0
1706890238005 6512.0185079574585 0
1706890238079 6522.720508575439 0
1706890238148 6533.325444221497 0
1706890238219 6544.011286735535 0
1706890238286 6554.689608573914 0
1706890238358 6565.335090637207 0
1706890238426 6575.90966796875 0
1706890238496 6586.5462284088135 0
1706890238569 6597.239622116089 0
1706890238645 6607.832356452942 0
1706890238721 6618.478820800781 0
1706890238792 6629.221656799316 0
1706890238864 6639.916952133179 0
1706890238942 6650.62006855011 0
1706890239014 6661.3935546875 0
1706890239084 6672.027729988098 0
1706890239157 6682.614080429077 0
1706890239227 6693.2143630981445 0
1706890239293 6703.653128623962 0
1706890239362 6714.383057594299 0
1706890239431 6724.944853782654 0
1706890239507 6735.648120880127 0
1706890239577 6746.437677383423 0
1706890239651 6757.069922447205 0
1706890239723 6767.83189201355 0
1706890239798 6778.37522983551 0
1706890239871 6789.026830673218 0
1706890239946 6799.733759880066 0
1706890240023 6810.485090255737 0
1706890240098 6821.2201290130615 0
1706890240168 6831.690291404724 0
1706890240239 6842.427020072937 0
1706890240305 6853.102198600769 0
1706890240374 6863.831183433533 0
1706890240441 6874.512401580811 0
1706890240514 6884.999300003052 0
1706890240588 6895.58340549469 0
1706890240660 6906.431387901306 0
1706890240732 6917.104283332825 0
1706890240806 6927.637453079224 0
1706890240873 6938.274075508118 0
1706890240943 6948.968638420105 0
1706890241013 6959.669764518738 0
1706890241104 6970.37514591217 0
1706890241195 6981.161677360535 0
1706890241286 6991.902140617371 0
1706890241379 7002.514575958252 0
1706890241465 7013.173239707947 0
1706890241539 7023.83379650116 0
1706890241614 7034.366271972656 0
1706890241690 7044.98779964447 0
1706890241769 7055.646674156189 0
1706890241871 7066.42645740509 0
1706890241955 7076.919206619263 0
1706890242032 7087.57849407196 0
1706890242112 7098.341338157654 0
1706890242189 7109.052973747253 0
1706890242283 7119.608627319336 0
1706890242358 7130.151873588562 0
1706890242430 7140.708830833435 0
1706890242503 7151.356834411621 0
1706890242585 7161.995481491089 0
1706890242664 7172.57085609436 0
1706890242746 7183.181622505188 0
1706890242820 7193.843081474304 0
1706890242896 7204.416515350342 0
1706890242966 7214.975655555725 0
1706890243038 7225.685000419617 0
1706890243106 7236.418440818787 0
1706890243181 7247.116455078125 0
1706890243252 7257.859107971191 0
1706890243329 7268.458002090454 0
1706890243406 7279.205079078674 0
1706890243483 7289.946173667908 0
1706890243555 7300.65362071991 0
1706890243631 7311.24192905426 0
1706890243703 7322.044076919556 0
1706890243775 7332.826891899109 0
1706890243844 7343.418807029724 0
1706890243921 7354.056619644165 0
1706890243991 7364.695864677429 0
1706890244068 7375.242177963257 0
1706890244146 7386.009017944336 0
1706890244233 7396.722714424133 0
1706890244305 7407.450845718384 0
1706890244376 7418.115371704102 0
1706890244445 7428.8184242248535 0
1706890244523 7439.473035812378 0
1706890244595 7450.073822021484 0
1706890244671 7460.661311149597 0
1706890244743 7471.354293823242 0
1706890244825 7482.009907722473 0
1706890244903 7492.6205768585205 0
1706890244983 7503.1759243011475 0
1706890245059 7513.891513824463 0
1706890245135 7524.419543266296 0
1706890245210 7535.013504981995 0
1706890245287 7545.687152862549 0
1706890245359 7556.3872900009155 0
1706890245432 7567.016852378845 0
1706890245509 7577.6618757247925 0
1706890245595 7588.399649620056 0
1706890245687 7599.041777610779 0
1706890245768 7609.570098876953 0
1706890245835 7620.190752029419 0
1706890245906 7630.783025741577 0
1706890245975 7641.459399223328 0
1706890246048 7652.223387718201 0
1706890246126 7663.062750816345 0
1706890246205 7673.561223983765 0
1706890246282 7684.130825042725 0
1706890246358 7694.699870109558 0
1706890246432 7705.329701423645 0
1706890246506 7716.082661628723 0
1706890246578 7726.717448234558 0
1706890246653 7737.34761428833 0
1706890246729 7747.972244262695 0
1706890246811 7758.635021209717 0
1706890246884 7769.303905487061 0
1706890246957 7780.022326469421 0
1706890247026 7790.656663894653 0
1706890247103 7801.41942691803 0
1706890247178 7811.94202709198 0
1706890247252 7822.662484169006 0
1706890247323 7833.269349098206 0
1706890247397 7843.972015380859 0
1706890247466 7854.629656791687 0
1706890247538 7865.340655326843 0
1706890247603 7875.9758377075195 0
1706890247674 7886.731809616089 0
1706890247744 7897.380052566528 0
1706890247816 7907.995270729065 0
1706890247891 7918.771767616272 0
1706890247968 7929.299058914185 0
1706890248042 7939.953672409058 0
1706890248119 7950.639268875122 0
1706890248191 7961.249835014343 0
1706890248266 7971.915066719055 0
1706890248336 7982.513562202454 0
1706890248409 7993.264122009277 0
1706890248478 8003.872874259949 0
1706890248551 8014.620636940002 0
1706890248623 8025.302033424377 0
1706890248694 8035.98973941803 0
1706890248766 8046.6660804748535 0
1706890248835 8057.2920026779175 0
1706890248905 8068.077918052673 0
1706890248977 8078.748073577881 0
1706890249049 8089.385068893433 0
1706890249119 8100.139088630676 0
1706890249188 8110.947708129883 0
1706890249264 8121.589619636536 0
1706890249343 8132.32328414917 0
1706890249417 8142.916499137878 0
1706890249487 8153.577566146851 0
1706890249563 8164.129535675049 0
1706890249632 8174.6355991363525 0
1706890249703 8185.303713798523 0
1706890249783 8195.903047561646 0
1706890249854 8206.419766426086 0
1706890249920 8217.112261772156 0
1706890249991 8227.624248504639 0
1706890250075 8238.215586662292 0
1706890250163 8248.79298877716 0
1706890250239 8259.4549036026 0
1706890250321 8270.053997039795 0
1706890250417 8280.631960868835 0
1706890250499 8291.304072380066 0
1706890250573 8302.122122764587 0
1706890250647 8312.806478500366 0
1706890250720 8323.375803947449 0
1706890250792 8334.005869865417 0
1706890250859 8344.72827911377 0
1706890250928 8355.33671760559 0
1706890250997 8366.000056266785 0
1706890251074 8376.670455932617 0
1706890251151 8387.367024421692 0
1706890251227 8398.034564971924 0
1706890251301 8408.612225532532 0
1706890251376 8419.290886878967 0
1706890251446 8429.94728565216 0
1706890251517 8440.546590805054 0
1706890251584 8451.285419464111 0
1706890251661 8461.824802398682 0
1706890251731 8472.496399879456 0
1706890251811 8483.22124004364 0
1706890251881 8494.028601646423 0
1706890251955 8504.631301879883 0
1706890252026 8515.27143573761 0
1706890252098 8525.958514213562 0
1706890252167 8536.596440315247 0
1706890252245 8547.17815208435 0
1706890252321 8557.940036773682 0
1706890252396 8568.543912887573 0
1706890252466 8579.270015716553 0
1706890252537 8589.832990646362 0
1706890252608 8600.518689155579 0
1706890252678 8611.091731071472 0
1706890252745 8621.836025238037 0
1706890252815 8632.572858810425 0
1706890252884 8643.18081855774 0
1706890252956 8653.835735321045 0
1706890253027 8664.308035850525 0
1706890253099 8674.872289657593 0
1706890253171 8685.584053993225 0
1706890253246 8696.13766670227 0
1706890253316 8706.855602264404 0
1706890253392 8717.568477630615 0
1706890253456 8728.105694770813 0
