1706889666604 0.002047999999831518 0
1706889676629 1.1540479999998752 1
1706889686661 2.2845440000000963 2
1706889696699 3.373055999999906 3
1706889706730 4.415488000000096 4
1706889716760 5.614591999999902 5
1706889726796 6.747135999999955 6
1706889736819 7.779328000000078 7
1706889746850 8.846336000000065 8
1706889756882 9.960447999999815 9
1706889766909 11.10015999999996 10
1706889776936 12.21939199999997 11
1706889786965 13.340671999999813 12
1706889796999 14.426112000000103 13
1706889807067 15.542272000000139 14
1706889817106 16.659455999999864 15
1706889827137 17.71827200000007 16
1706889837167 18.839551999999912 17
