1706889666604 0.002047999999831518 0
1706889676629 1.2564480000000913 1
1706889686661 2.4770559999997204 2
1706889696699 3.61983999999984 3
1706889706730 4.779007999999976 4
1706889716760 5.969920000000002 5
1706889726796 7.632896000000073 6
1706889736819 9.50169599999981 7
1706889746850 12.044288000000051 8
1706889756882 13.201407999999901 9
1706889766909 15.325183999999808 10
1706889776936 16.466943999999785 11
1706889786965 17.623039999999946 12
1706889796999 18.84979199999998 13
1706889807067 20.93158399999993 14
1706889817106 23.415807999999743 15
1706889827137 24.5114880000001 16
1706889837167 25.65734399999974 17
