1706889523286 9.999091148376465 0
1706889523319 11.274036407470703 0
1706889523350 10.783305168151855 0
1706889523378 9.696334838867188 0
1706889523403 11.066482543945312 0
1706889523428 11.50270938873291 0
1706889523453 11.762030601501465 0
1706889523478 12.35177230834961 0
1706889523502 10.74744987487793 0
1706889523526 10.67873477935791 0
1706889523549 10.83446979522705 0
1706889523573 12.326595306396484 0
1706889523597 9.5787353515625 0
1706889523620 11.777973175048828 0
1706889523642 12.111885070800781 0
1706889523665 10.645322799682617 0
1706889523688 9.971229553222656 0
1706889523713 10.469621658325195 0
1706889523735 11.14703369140625 0
1706889523759 10.658935546875 0
1706889523786 10.661762237548828 0
1706889523810 11.057960510253906 0
1706889523835 10.042645454406738 0
1706889523859 10.15206527709961 0
1706889523883 10.563831329345703 0
1706889523907 11.087747573852539 0
1706889523931 10.546529769897461 0
1706889523954 10.552755355834961 0
1706889523977 10.289137840270996 0
1706889524000 10.09298324584961 0
1706889524023 10.04498291015625 0
1706889524048 10.713680267333984 0
1706889524071 11.244070053100586 0
1706889524093 10.642401695251465 0
1706889524116 9.963478088378906 0
1706889524140 10.785249710083008 0
1706889524163 10.875829696655273 0
1706889524186 11.284738540649414 0
1706889524209 11.571208000183105 0
1706889524231 10.910785675048828 0
1706889524254 10.806148529052734 0
1706889524281 9.95836353302002 0
1706889524306 10.89880657196045 0
1706889524330 10.433830261230469 0
1706889524353 10.503372192382812 0
1706889524376 9.597112655639648 0
1706889524400 10.380813598632812 0
1706889524423 10.614753723144531 0
1706889524446 10.992631912231445 0
1706889524469 10.88753890991211 0
1706889524492 11.621407508850098 0
1706889524516 11.039535522460938 0
1706889524540 11.185068130493164 0
1706889524563 11.167964935302734 0
1706889524586 11.23202133178711 0
1706889524610 10.388068199157715 0
1706889524635 12.645930290222168 0
1706889524660 10.345760345458984 0
1706889524684 10.98460578918457 0
1706889524708 11.267538070678711 0
1706889524731 11.009687423706055 0
1706889524756 11.531489372253418 0
1706889524780 10.279581069946289 0
1706889524804 11.62204360961914 0
1706889524827 10.572457313537598 0
1706889524849 10.61274528503418 0
1706889524875 10.35988712310791 0
1706889524901 9.96368408203125 0
1706889524924 10.365776062011719 0
1706889524947 10.544987678527832 0
1706889524971 11.33062744140625 0
1706889524995 11.106010437011719 0
1706889525019 10.567282676696777 0
1706889525043 10.853530883789062 0
1706889525066 10.995427131652832 0
1706889525089 11.08076000213623 0
1706889525114 11.319643020629883 0
1706889525138 10.456998825073242 0
1706889525162 11.840591430664062 0
1706889525185 10.575300216674805 0
1706889525209 11.06446647644043 0
1706889525233 11.423388481140137 0
1706889525256 10.458916664123535 0
1706889525280 10.599175453186035 0
1706889525303 10.97713851928711 0
1706889525326 10.51089859008789 0
1706889525351 11.14546012878418 0
1706889525386 11.180610656738281 0
1706889525413 10.749044418334961 0
1706889525438 11.352201461791992 0
1706889525463 12.015716552734375 0
1706889525487 9.668705940246582 0
1706889525511 11.138693809509277 0
1706889525535 11.112485885620117 0
1706889525558 11.235108375549316 0
1706889525581 10.644983291625977 0
1706889525604 11.562379837036133 0
1706889525627 11.587664604187012 0
1706889525650 10.868956565856934 0
1706889525673 11.020771980285645 0
1706889525695 10.529741287231445 0
1706889525718 11.6701021194458 0
1706889525742 10.466655731201172 0
1706889525765 11.719253540039062 0
1706889525788 11.252717018127441 0
1706889525812 12.075493812561035 0
1706889525836 11.457277297973633 0
1706889525859 11.69428539276123 0
1706889525882 10.772708892822266 0
1706889525905 11.819883346557617 0
1706889525927 10.296401977539062 0
1706889525951 10.78752613067627 0
1706889525974 10.712193489074707 0
1706889525998 10.308799743652344 0
1706889526029 10.747756958007812 0
1706889526054 9.124519348144531 0
1706889526077 10.015955924987793 0
1706889526100 11.185529708862305 0
1706889526123 11.809856414794922 0
1706889526146 11.284197807312012 0
1706889526169 11.51207160949707 0
1706889526193 9.983050346374512 0
1706889526216 11.13814926147461 0
1706889526239 11.133085250854492 0
1706889526261 11.477416038513184 0
1706889526285 10.286291122436523 0
1706889526308 10.469793319702148 0
1706889526332 10.406259536743164 0
1706889526354 12.092824935913086 0
1706889526376 9.70181941986084 0
1706889526400 11.42580509185791 0
1706889526425 10.398768424987793 0
1706889526450 10.347749710083008 0
1706889526473 11.675809860229492 0
1706889526498 9.785529136657715 0
1706889526526 11.166572570800781 0
1706889526552 11.374521255493164 0
1706889526576 11.703351020812988 0
1706889526599 10.852354049682617 0
1706889526621 11.325336456298828 0
1706889526643 11.534639358520508 0
1706889526667 10.02043628692627 0
1706889526690 10.413435935974121 0
1706889526712 10.602690696716309 0
1706889526735 10.574071884155273 0
1706889526757 9.888727188110352 0
1706889526781 11.191688537597656 0
1706889526804 11.276168823242188 0
1706889526826 9.492698669433594 0
1706889526849 11.516203880310059 0
1706889526871 12.390356063842773 0
1706889526894 10.316296577453613 0
1706889526919 11.625018119812012 0
1706889526941 9.919711112976074 0
1706889526964 11.032661437988281 0
1706889526987 10.743504524230957 0
1706889527011 11.15821647644043 0
1706889527036 10.542033195495605 0
1706889527061 10.741034507751465 0
1706889527086 11.5121431350708 0
1706889527108 11.281960487365723 0
1706889527132 10.975851058959961 0
1706889527155 11.425832748413086 0
1706889527178 10.487265586853027 0
1706889527200 9.992393493652344 0
1706889527223 11.566323280334473 0
1706889527246 11.180259704589844 0
1706889527269 10.109291076660156 0
1706889527292 11.06502914428711 0
1706889527315 11.13437271118164 0
1706889527337 10.73788070678711 0
1706889527360 10.79203987121582 0
1706889527384 11.041318893432617 0
1706889527407 10.899965286254883 0
1706889527429 11.394681930541992 0
1706889527452 11.015761375427246 0
1706889527475 10.640131950378418 0
1706889527526 11.257158279418945 0
1706889527551 10.114667892456055 0
1706889527574 10.019149780273438 0
1706889527600 11.86320686340332 0
1706889527626 11.373960494995117 0
1706889527652 11.256007194519043 0
1706889527674 10.975996017456055 0
1706889527696 11.044500350952148 0
1706889527719 11.658489227294922 0
1706889527743 11.761043548583984 0
1706889527766 10.356801986694336 0
1706889527788 10.173080444335938 0
1706889527810 10.211308479309082 0
1706889527833 10.874035835266113 0
1706889527857 11.857647895812988 0
1706889527880 10.602680206298828 0
1706889527903 10.94477653503418 0
1706889527926 10.00699234008789 0
1706889527948 10.786989212036133 0
1706889527972 11.09994888305664 0
1706889527995 10.580629348754883 0
1706889528018 11.032001495361328 0
1706889528041 10.005742073059082 0
1706889528063 11.87608528137207 0
1706889528087 10.89223575592041 0
1706889528110 11.449274063110352 0
1706889528133 11.183561325073242 0
1706889528156 10.937103271484375 0
1706889528178 11.39682388305664 0
1706889528202 10.110183715820312 0
1706889528225 11.027791976928711 0
1706889528248 11.191699028015137 0
1706889528271 9.811114311218262 0
1706889528295 10.26045036315918 0
1706889528319 10.20278549194336 0
1706889528342 10.701745986938477 0
1706889528364 11.317972183227539 0
1706889528387 11.09907341003418 0
1706889528410 11.941884994506836 0
1706889528433 11.330495834350586 0
1706889528456 11.08492660522461 0
1706889528480 10.618326187133789 0
1706889528502 10.146547317504883 0
1706889528524 10.492284774780273 0
1706889528549 9.904243469238281 0
1706889528572 10.604979515075684 0
1706889528595 11.688117980957031 0
1706889528618 10.798559188842773 0
1706889528641 10.596665382385254 0
1706889528665 11.130664825439453 0
1706889528691 10.995939254760742 0
1706889528715 12.367742538452148 0
1706889528741 12.253562927246094 0
1706889528764 10.564840316772461 0
1706889528788 11.571844100952148 0
1706889528812 11.146384239196777 0
1706889528835 11.464107513427734 0
1706889528858 11.243294715881348 0
1706889528881 10.189737319946289 0
1706889528905 10.11197566986084 0
1706889528929 10.872440338134766 0
1706889528952 11.332393646240234 0
1706889528974 10.893447875976562 0
1706889528997 11.76098918914795 0
1706889529020 10.967996597290039 0
1706889529043 10.2031831741333 0
1706889529066 11.004033088684082 0
1706889529089 9.91598129272461 0
1706889529111 10.17637825012207 0
1706889529134 11.136184692382812 0
1706889529157 10.634614944458008 0
1706889529180 10.5722017288208 0
1706889529202 10.286962509155273 0
1706889529224 11.609598159790039 0
1706889529249 12.0335693359375 0
1706889529272 11.268994331359863 0
1706889529294 10.209105491638184 0
1706889529316 11.416105270385742 0
1706889529339 10.85706901550293 0
1706889529363 9.757969856262207 0
1706889529388 10.244564056396484 0
1706889529411 10.56468677520752 0
1706889529434 10.42562198638916 0
1706889529457 10.837438583374023 0
1706889529480 10.829394340515137 0
1706889529504 11.013603210449219 0
1706889529526 10.800040245056152 0
1706889529551 11.05140209197998 0
1706889529576 10.807860374450684 0
1706889529600 10.762395858764648 0
1706889529625 10.597552299499512 0
1706889529648 10.469442367553711 0
1706889529672 9.794593811035156 0
1706889529696 11.080588340759277 0
1706889529720 10.79685115814209 0
1706889529746 10.719467163085938 0
1706889529770 10.013138771057129 0
1706889529797 11.015374183654785 0
1706889529822 10.255939483642578 0
1706889529851 11.654916763305664 0
1706889529877 11.231630325317383 0
1706889529901 10.557263374328613 0
1706889529925 11.127875328063965 0
1706889529949 11.175738334655762 0
1706889529974 9.90185546875 0
1706889530001 10.147985458374023 0
1706889530025 10.94700813293457 0
1706889530052 11.132216453552246 0
1706889530077 11.148588180541992 0
1706889530102 10.446048736572266 0
1706889530127 11.93014144897461 0
1706889530153 9.363919258117676 0
1706889530176 9.060729026794434 0
1706889530199 10.596771240234375 0
1706889530223 10.392536163330078 0
1706889530246 10.128934860229492 0
1706889530268 10.843589782714844 0
1706889530291 11.37034797668457 0
1706889530314 11.734319686889648 0
1706889530337 10.49679946899414 0
1706889530361 9.89271354675293 0
1706889530384 11.308025360107422 0
1706889530406 10.271614074707031 0
1706889530429 11.258516311645508 0
1706889530453 10.375186920166016 0
1706889530476 11.120966911315918 0
1706889530499 10.011600494384766 0
1706889530521 10.643064498901367 0
1706889530544 10.041801452636719 0
1706889530568 11.263968467712402 0
1706889530592 12.22651195526123 0
1706889530615 11.066178321838379 0
1706889530638 11.366800308227539 0
1706889530660 10.773853302001953 0
1706889530684 10.714232444763184 0
1706889530708 10.797456741333008 0
1706889530732 11.320467948913574 0
1706889530757 10.157923698425293 0
1706889530781 11.484277725219727 0
1706889530805 10.92801284790039 0
1706889530830 10.49676513671875 0
1706889530854 10.641496658325195 0
1706889530878 10.962776184082031 0
1706889530906 10.842467308044434 0
1706889530935 10.864006042480469 0
1706889530961 10.665773391723633 0
1706889530985 11.874076843261719 0
1706889531009 11.589313507080078 0
1706889531034 12.044397354125977 0
1706889531060 10.621517181396484 0
1706889531085 10.748614311218262 0
1706889531109 11.063142776489258 0
1706889531132 11.390691757202148 0
1706889531155 10.041096687316895 0
1706889531203 10.877167701721191 0
1706889531229 11.046626091003418 0
1706889531253 10.447551727294922 0
1706889531276 12.063936233520508 0
1706889531301 11.173843383789062 0
1706889531325 10.420982360839844 0
1706889531349 9.879512786865234 0
1706889531372 10.566478729248047 0
1706889531396 10.54665756225586 0
1706889531422 10.97296142578125 0
1706889531447 11.234871864318848 0
1706889531470 10.261592864990234 0
1706889531494 11.550588607788086 0
1706889531518 11.31586742401123 0
1706889531543 11.088886260986328 0
1706889531568 11.03659725189209 0
1706889531591 11.224703788757324 0
1706889531614 11.200421333312988 0
1706889531638 10.724345207214355 0
1706889531662 10.786568641662598 0
1706889531686 10.657979011535645 0
1706889531710 10.894879341125488 0
1706889531734 10.535320281982422 0
1706889531759 10.310413360595703 0
1706889531814 10.974493026733398 0
1706889531839 10.545833587646484 0
1706889531863 10.913398742675781 0
1706889531887 10.505929946899414 0
1706889531911 12.387423515319824 0
1706889531935 10.15829086303711 0
1706889531959 10.796791076660156 0
1706889531983 10.560209274291992 0
1706889532012 11.997503280639648 0
