1706889523293 9.999091148376465 0
1706889523326 21.273127555847168 0
1706889523356 32.05643272399902 0
1706889523383 41.75276756286621 0
1706889523408 52.81925010681152 0
1706889523433 64.32195949554443 0
1706889523458 76.0839900970459 0
1706889523483 88.43576240539551 0
1706889523507 99.18321228027344 0
1706889523531 109.86194705963135 0
1706889523554 120.6964168548584 0
1706889523578 133.02301216125488 0
1706889523602 142.60174751281738 0
1706889523625 154.3797206878662 0
1706889523647 166.491605758667 0
1706889523670 177.1369285583496 0
1706889523694 187.10815811157227 0
1706889523718 197.57777976989746 0
1706889523740 208.7248134613037 0
1706889523764 219.3837490081787 0
1706889523791 230.04551124572754 0
1706889523815 241.10347175598145 0
1706889523840 251.14611721038818 0
1706889523865 261.2981824874878 0
1706889523889 271.8620138168335 0
1706889523912 282.94976139068604 0
1706889523936 293.4962911605835 0
1706889523959 304.04904651641846 0
1706889523982 314.33818435668945 0
1706889524005 324.43116760253906 0
1706889524029 334.4761505126953 0
1706889524053 345.1898307800293 0
1706889524076 356.4339008331299 0
1706889524098 367.07630252838135 0
1706889524121 377.03978061676025 0
1706889524145 387.82503032684326 0
1706889524168 398.70086002349854 0
1706889524191 409.98559856414795 0
1706889524214 421.55680656433105 0
1706889524236 432.4675922393799 0
1706889524259 443.2737407684326 0
1706889524287 453.23210430145264 0
1706889524311 464.1309108734131 0
1706889524335 474.56474113464355 0
1706889524358 485.06811332702637 0
1706889524381 494.665225982666 0
1706889524405 505.0460395812988 0
1706889524428 515.6607933044434 0
1706889524451 526.6534252166748 0
1706889524474 537.5409641265869 0
1706889524497 549.162371635437 0
1706889524522 560.201907157898 0
1706889524545 571.3869752883911 0
1706889524569 582.5549402236938 0
1706889524591 593.786961555481 0
1706889524615 604.1750297546387 0
1706889524641 616.8209600448608 0
1706889524666 627.1667203903198 0
1706889524689 638.1513261795044 0
1706889524713 649.4188642501831 0
1706889524736 660.4285516738892 0
1706889524761 671.9600410461426 0
1706889524785 682.2396221160889 0
1706889524809 693.861665725708 0
1706889524832 704.4341230392456 0
1706889524855 715.0468683242798 0
1706889524881 725.4067554473877 0
1706889524906 735.370439529419 0
1706889524929 745.7362155914307 0
1706889524952 756.2812032699585 0
1706889524976 767.6118307113647 0
1706889525000 778.7178411483765 0
1706889525024 789.2851238250732 0
1706889525048 800.1386547088623 0
1706889525071 811.1340818405151 0
1706889525095 822.2148418426514 0
1706889525120 833.5344848632812 0
1706889525144 843.9914836883545 0
1706889525167 855.8320751190186 0
1706889525190 866.4073753356934 0
1706889525214 877.4718418121338 0
1706889525238 888.8952302932739 0
1706889525261 899.3541469573975 0
1706889525285 909.9533224105835 0
1706889525308 920.9304609298706 0
1706889525331 931.4413595199585 0
1706889525357 942.5868196487427 0
1706889525393 953.767430305481 0
1706889525419 964.5164747238159 0
1706889525444 975.8686761856079 0
1706889525468 987.8843927383423 0
1706889525492 997.5530986785889 0
1706889525516 1008.6917924880981 0
1706889525540 1019.8042783737183 0
1706889525563 1031.0393867492676 0
1706889525585 1041.6843700408936 0
1706889525609 1053.2467498779297 0
1706889525632 1064.8344144821167 0
1706889525655 1075.7033710479736 0
1706889525678 1086.7241430282593 0
1706889525700 1097.2538843154907 0
1706889525723 1108.9239864349365 0
1706889525747 1119.3906421661377 0
1706889525770 1131.1098957061768 0
1706889525793 1142.3626127243042 0
1706889525817 1154.4381065368652 0
1706889525841 1165.8953838348389 0
1706889525864 1177.5896692276 0
1706889525887 1188.3623781204224 0
1706889525910 1200.18226146698 0
1706889525932 1210.478663444519 0
1706889525956 1221.2661895751953 0
1706889525979 1231.97838306427 0
1706889526004 1242.2871828079224 0
1706889526035 1253.0349397659302 0
1706889526059 1262.1594591140747 0
1706889526082 1272.1754150390625 0
1706889526105 1283.3609447479248 0
1706889526128 1295.1708011627197 0
1706889526152 1306.4549989700317 0
1706889526174 1317.9670705795288 0
1706889526198 1327.9501209259033 0
1706889526221 1339.088270187378 0
1706889526243 1350.2213554382324 0
1706889526266 1361.6987714767456 0
1706889526290 1371.9850625991821 0
1706889526313 1382.4548559188843 0
1706889526337 1392.8611154556274 0
1706889526360 1404.9539403915405 0
1706889526381 1414.6557598114014 0
1706889526406 1426.0815649032593 0
1706889526431 1436.480333328247 0
1706889526455 1446.82808303833 0
1706889526479 1458.5038928985596 0
1706889526504 1468.2894220352173 0
1706889526531 1479.455994606018 0
1706889526557 1490.8305158615112 0
1706889526581 1502.5338668823242 0
1706889526603 1513.3862209320068 0
1706889526626 1524.7115573883057 0
1706889526648 1536.2461967468262 0
1706889526672 1546.2666330337524 0
1706889526695 1556.6800689697266 0
1706889526717 1567.2827596664429 0
1706889526739 1577.8568315505981 0
1706889526762 1587.7455587387085 0
1706889526786 1598.9372472763062 0
1706889526809 1610.2134160995483 0
1706889526831 1619.706114768982 0
1706889526854 1631.222318649292 0
1706889526876 1643.6126747131348 0
1706889526900 1653.9289712905884 0
1706889526924 1665.5539894104004 0
1706889526946 1675.4737005233765 0
1706889526969 1686.5063619613647 0
1706889526992 1697.2498664855957 0
1706889527016 1708.4080829620361 0
1706889527041 1718.9501161575317 0
1706889527066 1729.6911506652832 0
1706889527091 1741.203293800354 0
1706889527113 1752.4852542877197 0
1706889527137 1763.4611053466797 0
1706889527160 1774.8869380950928 0
1706889527183 1785.3742036819458 0
1706889527205 1795.3665971755981 0
1706889527227 1806.9329204559326 0
1706889527251 1818.1131801605225 0
1706889527274 1828.2224712371826 0
1706889527297 1839.2875003814697 0
1706889527319 1850.4218730926514 0
1706889527342 1861.1597537994385 0
1706889527365 1871.9517936706543 0
1706889527389 1882.993112564087 0
1706889527412 1893.8930778503418 0
1706889527434 1905.2877597808838 0
1706889527457 1916.303521156311 0
1706889527480 1926.9436531066895 0
1706889527533 1938.2008113861084 0
1706889527556 1948.3154792785645 0
1706889527580 1958.334629058838 0
1706889527605 1970.1978359222412 0
1706889527631 1981.5717964172363 0
1706889527657 1992.8278036117554 0
1706889527679 2003.8037996292114 0
1706889527701 2014.8482999801636 0
1706889527724 2026.5067892074585 0
1706889527748 2038.2678327560425 0
1706889527771 2048.624634742737 0
1706889527793 2058.7977151870728 0
1706889527815 2069.009023666382 0
1706889527838 2079.883059501648 0
1706889527862 2091.740707397461 0
1706889527886 2102.3433876037598 0
1706889527908 2113.288164138794 0
1706889527931 2123.295156478882 0
1706889527953 2134.082145690918 0
1706889527977 2145.1820945739746 0
1706889528000 2155.7627239227295 0
1706889528023 2166.794725418091 0
1706889528046 2176.80046749115 0
1706889528068 2188.676552772522 0
1706889528092 2199.5687885284424 0
1706889528115 2211.0180625915527 0
1706889528138 2222.201623916626 0
1706889528161 2233.1387271881104 0
1706889528183 2244.535551071167 0
1706889528207 2254.6457347869873 0
1706889528230 2265.673526763916 0
1706889528253 2276.865225791931 0
1706889528276 2286.6763401031494 0
1706889528300 2296.9367904663086 0
1706889528324 2307.139575958252 0
1706889528347 2317.8413219451904 0
1706889528369 2329.159294128418 0
1706889528392 2340.258367538452 0
1706889528415 2352.200252532959 0
1706889528438 2363.5307483673096 0
1706889528461 2374.615674972534 0
1706889528485 2385.234001159668 0
1706889528507 2395.380548477173 0
1706889528530 2405.872833251953 0
1706889528554 2415.7770767211914 0
1706889528578 2426.382056236267 0
1706889528600 2438.070174217224 0
1706889528623 2448.868733406067 0
1706889528646 2459.465398788452 0
1706889528670 2470.5960636138916 0
1706889528696 2481.5920028686523 0
1706889528720 2493.9597454071045 0
1706889528746 2506.2133083343506 0
1706889528769 2516.778148651123 0
1706889528793 2528.349992752075 0
1706889528817 2539.496376991272 0
1706889528840 2550.9604845046997 0
1706889528863 2562.203779220581 0
1706889528886 2572.3935165405273 0
1706889528910 2582.505492210388 0
1706889528934 2593.377932548523 0
1706889528957 2604.710326194763 0
1706889528979 2615.6037740707397 0
1706889529002 2627.3647632598877 0
1706889529025 2638.3327598571777 0
1706889529048 2648.535943031311 0
1706889529071 2659.539976119995 0
1706889529094 2669.4559574127197 0
1706889529116 2679.632335662842 0
1706889529139 2690.7685203552246 0
1706889529162 2701.4031352996826 0
1706889529185 2711.9753370285034 0
1706889529207 2722.2622995376587 0
1706889529230 2733.8718976974487 0
1706889529254 2745.9054670333862 0
1706889529277 2757.174461364746 0
1706889529299 2767.3835668563843 0
1706889529321 2778.79967212677 0
1706889529344 2789.656741142273 0
1706889529368 2799.414710998535 0
1706889529393 2809.6592750549316 0
1706889529416 2820.223961830139 0
1706889529439 2830.6495838165283 0
1706889529462 2841.4870223999023 0
1706889529486 2852.3164167404175 0
1706889529509 2863.3300199508667 0
1706889529531 2874.130060195923 0
1706889529557 2885.181462287903 0
1706889529581 2895.9893226623535 0
1706889529606 2906.751718521118 0
1706889529630 2917.3492708206177 0
1706889529653 2927.8187131881714 0
1706889529677 2937.6133069992065 0
1706889529701 2948.693895339966 0
1706889529726 2959.490746498108 0
1706889529751 2970.210213661194 0
1706889529775 2980.223352432251 0
1706889529802 2991.2387266159058 0
1706889529828 3001.4946660995483 0
1706889529857 3013.149582862854 0
1706889529882 3024.3812131881714 0
1706889529906 3034.9384765625 0
1706889529930 3046.066351890564 0
1706889529954 3057.2420902252197 0
1706889529979 3067.1439456939697 0
1706889530006 3077.2919311523438 0
1706889530031 3088.2389392852783 0
1706889530057 3099.3711557388306 0
1706889530082 3110.5197439193726 0
1706889530107 3120.965792655945 0
1706889530132 3132.8959341049194 0
1706889530158 3142.259853363037 0
1706889530181 3151.3205823898315 0
1706889530204 3161.917353630066 0
1706889530228 3172.309889793396 0
1706889530251 3182.4388246536255 0
1706889530273 3193.2824144363403 0
1706889530296 3204.652762413025 0
1706889530319 3216.3870820999146 0
1706889530342 3226.8838815689087 0
1706889530366 3236.7765951156616 0
1706889530389 3248.084620475769 0
1706889530411 3258.356234550476 0
1706889530434 3269.6147508621216 0
1706889530458 3279.9899377822876 0
1706889530481 3291.1109046936035 0
1706889530504 3301.1225051879883 0
1706889530526 3311.7655696868896 0
1706889530549 3321.8073711395264 0
1706889530573 3333.0713396072388 0
1706889530597 3345.2978515625 0
1706889530620 3356.3640298843384 0
1706889530643 3367.730830192566 0
1706889530665 3378.504683494568 0
1706889530689 3389.218915939331 0
1706889530713 3400.016372680664 0
1706889530738 3411.3368406295776 0
1706889530762 3421.494764328003 0
1706889530786 3432.9790420532227 0
1706889530811 3443.907054901123 0
1706889530835 3454.403820037842 0
1706889530859 3465.045316696167 0
1706889530883 3476.008092880249 0
1706889530911 3486.8505601882935 0
1706889530941 3497.714566230774 0
1706889530967 3508.3803396224976 0
1706889530990 3520.2544164657593 0
1706889531014 3531.8437299728394 0
1706889531039 3543.8881273269653 0
1706889531065 3554.509644508362 0
1706889531090 3565.25825881958 0
1706889531114 3576.3214015960693 0
1706889531137 3587.7120933532715 0
1706889531160 3597.7531900405884 0
1706889531209 3608.6303577423096 0
1706889531234 3619.676983833313 0
1706889531258 3630.124535560608 0
1706889531282 3642.1884717941284 0
1706889531306 3653.3623151779175 0
1706889531330 3663.7832975387573 0
1706889531354 3673.6628103256226 0
1706889531377 3684.2292890548706 0
1706889531401 3694.7759466171265 0
1706889531427 3705.7489080429077 0
1706889531452 3716.9837799072266 0
1706889531475 3727.245372772217 0
1706889531499 3738.795961380005 0
1706889531523 3750.111828804016 0
1706889531549 3761.2007150650024 0
1706889531573 3772.2373123168945 0
1706889531596 3783.462016105652 0
1706889531620 3794.662437438965 0
1706889531643 3805.386782646179 0
1706889531668 3816.173351287842 0
1706889531692 3826.8313302993774 0
1706889531715 3837.726209640503 0
1706889531740 3848.2615299224854 0
1706889531764 3858.571943283081 0
1706889531820 3869.5464363098145 0
1706889531844 3880.092269897461 0
1706889531868 3891.0056686401367 0
1706889531892 3901.511598587036 0
1706889531916 3913.899022102356 0
1706889531940 3924.057312965393 0
1706889531964 3934.854104042053 0
1706889531989 3945.414313316345 0
