1706889553116 10.888408660888672 0
1706889553249 10.833602905273438 0
1706889553318 10.944971084594727 0
1706889553391 10.906009674072266 0
1706889553461 10.879002571105957 0
1706889553533 10.812636375427246 0
1706889553601 10.879159927368164 0
1706889553691 10.932251930236816 0
1706889553763 10.743988990783691 0
1706889553839 10.814955711364746 0
1706889553913 10.80570125579834 0
1706889553987 10.90217113494873 0
1706889554058 10.837323188781738 0
1706889554128 10.761360168457031 0
1706889554194 11.001686096191406 0
1706889554272 11.003434181213379 0
1706889554344 10.836838722229004 0
1706889554421 10.80158805847168 0
1706889554496 10.893536567687988 0
1706889554601 10.952354431152344 0
1706889554679 10.805337905883789 0
1706889554755 10.854392051696777 0
1706889554830 10.903327941894531 0
1706889554904 10.968520164489746 0
1706889554976 10.808232307434082 0
1706889555050 10.908349990844727 0
1706889555122 10.817715644836426 0
1706889555196 10.939090728759766 0
1706889555269 10.74618148803711 0
1706889555347 10.755216598510742 0
1706889555424 10.800601959228516 0
1706889555501 10.8745756149292 0
1706889555575 10.742025375366211 0
1706889555649 10.863824844360352 0
1706889555721 10.76807689666748 0
1706889555794 10.825019836425781 0
1706889555867 10.761337280273438 0
1706889555940 10.857516288757324 0
1706889556012 10.974661827087402 0
1706889556093 10.75198745727539 0
1706889556162 10.903244018554688 0
1706889556235 10.751952171325684 0
1706889556303 10.873567581176758 0
1706889556374 10.802806854248047 0
1706889556443 10.830278396606445 0
1706889556517 10.783315658569336 0
1706889556584 10.981527328491211 0
1706889556657 10.913314819335938 0
1706889556726 10.771483421325684 0
1706889556796 10.923591613769531 0
1706889556863 10.773662567138672 0
1706889556934 10.95256519317627 0
1706889557001 10.705052375793457 0
1706889557071 10.92882251739502 0
1706889557137 10.875495910644531 0
1706889557209 10.800271987915039 0
1706889557277 10.735640525817871 0
1706889557349 10.980964660644531 0
1706889557415 10.882486343383789 0
1706889557500 10.77071475982666 0
1706889557570 10.766887664794922 0
1706889557643 10.888469696044922 0
1706889557709 10.883504867553711 0
1706889557778 10.868016242980957 0
1706889557844 10.769112586975098 0
1706889557915 10.854349136352539 0
1706889557982 10.833781242370605 0
1706889558053 10.873120307922363 0
1706889558120 10.93049144744873 0
1706889558190 11.034120559692383 0
1706889558255 10.880281448364258 0
1706889558328 10.875411987304688 0
1706889558393 10.729175567626953 0
1706889558464 10.809861183166504 0
1706889558531 10.875455856323242 0
1706889558603 10.806968688964844 0
1706889558675 10.911864280700684 0
1706889558747 10.906172752380371 0
1706889558813 10.733842849731445 0
1706889558885 10.81445026397705 0
1706889558954 11.05794620513916 0
1706889559023 10.810652732849121 0
1706889559090 11.018453598022461 0
1706889559161 10.852036476135254 0
1706889559227 10.89151382446289 0
1706889559297 10.84327507019043 0
1706889559363 10.892541885375977 0
1706889559433 10.94337272644043 0
1706889559499 10.704109191894531 0
1706889559570 10.764280319213867 0
1706889559637 10.949346542358398 0
1706889559709 10.913000106811523 0
1706889559783 10.98773193359375 0
1706889559857 10.89715576171875 0
1706889559923 10.93756103515625 0
1706889559996 10.874913215637207 0
1706889560064 11.021380424499512 0
1706889560136 10.907992362976074 0
1706889560202 10.970504760742188 0
1706889560273 10.807496070861816 0
1706889560340 10.838035583496094 0
1706889560413 10.914299964904785 0
1706889560481 10.77053165435791 0
1706889560553 10.867465019226074 0
1706889560619 10.618256568908691 0
1706889560691 10.800992965698242 0
1706889560757 10.783562660217285 0
1706889560826 10.901968002319336 0
1706889560899 10.962363243103027 0
1706889560972 10.930834770202637 0
1706889561041 10.828001976013184 0
1706889561113 10.824441909790039 0
1706889561180 10.86334228515625 0
1706889561251 10.81291675567627 0
1706889561317 10.929651260375977 0
1706889561386 10.874348640441895 0
1706889561454 10.807413101196289 0
1706889561526 10.756800651550293 0
1706889561593 10.872358322143555 0
1706889561663 10.802301406860352 0
1706889561731 10.985208511352539 0
1706889561803 10.946416854858398 0
1706889561916 10.773229598999023 0
1706889561990 10.908930778503418 0
1706889562058 10.948229789733887 0
1706889562127 10.92745590209961 0
1706889562194 10.822894096374512 0
1706889562264 10.897706985473633 0
1706889562331 10.821794509887695 0
1706889562400 10.824316024780273 0
1706889562466 10.810379981994629 0
1706889562536 10.786022186279297 0
1706889562601 10.811271667480469 0
1706889562672 10.914990425109863 0
1706889562739 10.824385643005371 0
1706889562811 10.964340209960938 0
1706889562877 10.887412071228027 0
1706889562948 10.993000030517578 0
1706889563015 10.86456298828125 0
1706889563096 10.777249336242676 0
1706889563165 10.980181694030762 0
1706889563237 10.841076850891113 0
1706889563303 10.934943199157715 0
1706889563375 10.7770357131958 0
1706889563450 10.985936164855957 0
1706889563520 10.9061861038208 0
1706889563588 10.813182830810547 0
1706889563657 10.908304214477539 0
1706889563749 10.937889099121094 0
1706889563872 10.788784980773926 0
1706889563940 10.951594352722168 0
1706889564011 10.828207015991211 0
1706889564077 10.794839859008789 0
1706889564147 10.781974792480469 0
1706889564219 10.824325561523438 0
1706889564289 10.764379501342773 0
1706889564357 10.765166282653809 0
1706889564427 10.946552276611328 0
1706889564494 10.891976356506348 0
1706889564563 10.867941856384277 0
1706889564629 10.815423011779785 0
1706889564698 10.876601219177246 0
1706889564765 10.765130043029785 0
1706889564837 10.85454273223877 0
1706889564904 10.962950706481934 0
1706889564974 10.769660949707031 0
1706889565043 10.779947280883789 0
1706889565114 10.797253608703613 0
1706889565180 10.877702713012695 0
1706889565252 11.04604434967041 0
1706889565325 10.808924674987793 0
1706889565397 10.843218803405762 0
1706889565466 10.824211120605469 0
1706889565537 10.665837287902832 0
1706889565603 10.888284683227539 0
1706889565673 10.80164623260498 0
1706889565739 10.893681526184082 0
1706889565812 10.973663330078125 0
1706889565878 10.838871002197266 0
1706889565948 10.815431594848633 0
1706889566013 10.938758850097656 0
1706889566082 10.870628356933594 0
1706889566147 10.887218475341797 0
1706889566221 10.81076431274414 0
1706889566289 10.803939819335938 0
1706889566364 10.941149711608887 0
1706889566434 10.707742691040039 0
1706889566507 10.790555000305176 0
1706889566573 10.889020919799805 0
1706889566644 10.86465835571289 0
1706889566710 10.853134155273438 0
1706889566779 10.824671745300293 0
1706889566846 10.860376358032227 0
1706889566915 10.752338409423828 0
1706889566981 10.861283302307129 0
1706889567057 10.809489250183105 0
1706889567124 11.028119087219238 0
1706889567194 10.887076377868652 0
1706889567261 10.921874046325684 0
1706889567332 10.834492683410645 0
1706889567400 10.831138610839844 0
1706889567473 10.903072357177734 0
1706889567543 10.948689460754395 0
1706889567614 10.842369079589844 0
1706889567680 10.8040132522583 0
1706889567751 10.755084991455078 0
1706889567820 11.028388977050781 0
1706889567892 10.900168418884277 0
1706889567958 10.887444496154785 0
1706889568028 10.95992660522461 0
1706889568094 10.797364234924316 0
1706889568165 10.866147994995117 0
1706889568231 10.830093383789062 0
1706889568302 10.715816497802734 0
1706889568370 10.763849258422852 0
1706889568439 10.732181549072266 0
1706889568507 10.992466926574707 0
1706889568579 10.821858406066895 0
1706889568651 10.92313003540039 0
1706889568722 10.851607322692871 0
1706889568787 10.893717765808105 0
1706889568856 10.892068862915039 0
1706889568924 10.869725227355957 0
1706889568996 10.89512825012207 0
1706889569065 10.889626502990723 0
1706889569137 10.94028091430664 0
1706889569204 10.935102462768555 0
1706889569276 10.889163970947266 0
1706889569342 10.844329833984375 0
1706889569413 10.942217826843262 0
1706889569480 10.933813095092773 0
1706889569549 10.918327331542969 0
1706889569618 10.854968070983887 0
1706889569691 10.760588645935059 0
1706889569761 10.858491897583008 0
1706889569832 10.70146656036377 0
1706889569902 10.78185749053955 0
1706889569973 10.94519329071045 0
1706889570044 10.908858299255371 0
1706889570115 10.862224578857422 0
1706889570181 10.815319061279297 0
1706889570250 10.844095230102539 0
1706889570319 10.847755432128906 0
1706889570389 10.94347858428955 0
1706889570456 10.764472961425781 0
1706889570528 10.930970191955566 0
1706889570595 10.906327247619629 0
1706889570666 10.814809799194336 0
1706889570731 10.959868431091309 0
1706889570804 10.807085990905762 0
1706889570876 10.91765022277832 0
1706889570946 10.782394409179688 0
1706889571014 10.910033226013184 0
1706889571084 10.76539134979248 0
1706889571152 10.784366607666016 0
1706889571223 10.801189422607422 0
1706889571289 10.846233367919922 0
1706889571360 10.79521656036377 0
1706889571425 10.836539268493652 0
1706889571497 10.830906867980957 0
1706889571565 10.841642379760742 0
1706889571636 10.806316375732422 0
1706889571703 10.957630157470703 0
1706889571774 10.850005149841309 0
1706889571840 10.854903221130371 0
1706889571915 10.865156173706055 0
1706889571983 10.883601188659668 0
1706889572054 10.935036659240723 0
1706889572121 10.80909538269043 0
1706889572190 10.8739595413208 0
1706889572257 10.913032531738281 0
1706889572329 10.908256530761719 0
1706889572398 10.847325325012207 0
1706889572468 10.944156646728516 0
1706889572535 10.843076705932617 0
1706889572605 10.855633735656738 0
1706889572685 10.837669372558594 0
1706889572759 10.82152271270752 0
1706889572826 10.813695907592773 0
1706889572897 10.844156265258789 0
1706889572965 10.789705276489258 0
1706889573043 10.757087707519531 0
1706889573116 10.849600791931152 0
1706889573186 10.847336769104004 0
1706889573253 10.828825950622559 0
1706889573323 10.762243270874023 0
1706889573390 10.84967041015625 0
1706889573461 10.936383247375488 0
1706889573536 10.837312698364258 0
1706889573606 10.913402557373047 0
1706889573672 10.763555526733398 0
1706889573742 10.980083465576172 0
1706889573809 10.709188461303711 0
1706889573881 10.968758583068848 0
1706889573947 10.822175025939941 0
1706889574016 10.921188354492188 0
1706889574084 10.826573371887207 0
1706889574159 10.74085521697998 0
1706889574225 10.781822204589844 0
1706889574295 10.921087265014648 0
1706889574362 10.800442695617676 0
1706889574432 10.922819137573242 0
1706889574497 10.829547882080078 0
1706889574568 10.852149963378906 0
1706889574636 10.828585624694824 0
1706889574706 10.861719131469727 0
1706889574771 10.731795310974121 0
1706889574842 10.865345001220703 0
1706889574908 10.802391052246094 0
1706889574980 10.842451095581055 0
1706889575049 10.887007713317871 0
1706889575122 10.862380027770996 0
1706889575190 10.79983901977539 0
1706889575265 10.730156898498535 0
1706889575332 10.76836109161377 0
1706889575402 10.985986709594727 0
1706889575468 10.936716079711914 0
1706889575538 10.891569137573242 0
1706889575605 10.848176002502441 0
1706889575675 10.801336288452148 0
1706889575742 10.82852554321289 0
1706889575812 10.91142749786377 0
1706889575880 10.827885627746582 0
1706889575953 10.921546936035156 0
1706889576019 10.970327377319336 0
1706889576089 10.948105812072754 0
1706889576155 10.682999610900879 0
1706889576225 10.839221954345703 0
1706889576292 10.774917602539062 0
1706889576367 10.896719932556152 0
1706889576435 10.910561561584473 0
1706889576509 10.815937042236328 0
1706889576577 10.821249961853027 0
1706889576648 10.825530052185059 0
1706889576715 10.802095413208008 0
1706889576786 10.909978866577148 0
1706889576852 10.847033500671387 0
1706889576923 10.931224822998047 0
1706889576991 10.766181945800781 0
1706889577063 10.865066528320312 0
1706889577131 10.806657791137695 0
1706889577202 10.913044929504395 0
1706889577268 10.759904861450195 0
1706889577338 10.755803108215332 0
1706889577404 10.805033683776855 0
1706889577479 10.870153427124023 0
1706889577545 10.83477783203125 0
1706889577615 10.887789726257324 0
1706889577682 10.85710334777832 0
1706889577754 10.762837409973145 0
1706889577820 10.946779251098633 0
1706889577889 10.854010581970215 0
1706889577956 10.828304290771484 0
1706889578029 10.876230239868164 0
1706889578095 10.67391300201416 0
1706889578164 10.938334465026855 0
1706889578232 10.96384048461914 0
1706889578301 10.830223083496094 0
1706889578369 10.82374382019043 0
1706889578440 10.851715087890625 0
1706889578507 10.784482955932617 0
1706889578583 10.841052055358887 0
1706889578649 10.69225025177002 0
1706889578720 10.743406295776367 0
1706889578788 10.941022872924805 0
1706889578860 10.927663803100586 0
1706889578926 11.004683494567871 0
1706889578998 10.74735164642334 0
1706889579064 10.754508018493652 0
1706889579135 10.820321083068848 0
1706889579203 10.875346183776855 0
1706889579276 10.812542915344238 0
1706889579341 10.777907371520996 0
1706889579411 10.777983665466309 0
1706889579477 10.814247131347656 0
1706889579548 10.883153915405273 0
1706889579618 10.812211036682129 0
1706889579694 10.88783073425293 0
1706889579763 10.916590690612793 0
1706889579834 10.962646484375 0
1706889579901 10.91443157196045 0
1706889579973 10.830215454101562 0
1706889580042 10.782470703125 0
1706889580115 10.805173873901367 0
1706889580182 10.876429557800293 0
1706889580253 10.857202529907227 0
1706889580319 10.726160049438477 0
1706889580390 10.774688720703125 0
1706889580456 10.778974533081055 0
1706889580526 10.832243919372559 0
1706889580591 10.754491806030273 0
1706889580663 10.851137161254883 0
1706889580734 10.934470176696777 0
1706889580808 10.829218864440918 0
1706889580874 10.803423881530762 0
1706889580946 10.953743934631348 0
1706889581014 10.885673522949219 0
1706889581110 10.774117469787598 0
1706889581184 10.869706153869629 0
1706889581259 10.915539741516113 0
1706889581333 10.771596908569336 0
1706889581407 10.848651885986328 0
1706889581478 10.96567440032959 0
1706889581552 10.87603759765625 0
1706889581620 10.754405975341797 0
1706889581692 10.741598129272461 0
1706889581759 10.877151489257812 0
1706889581836 10.76972770690918 0
1706889581908 10.853339195251465 0
1706889581979 10.791216850280762 0
1706889582047 10.89244270324707 0
1706889582117 10.825560569763184 0
1706889582185 10.824943542480469 0
1706889582255 10.913423538208008 0
1706889582322 10.932645797729492 0
1706889582393 10.685494422912598 0
1706889582462 10.737344741821289 0
1706889582537 10.811445236206055 0
1706889582606 10.991737365722656 0
1706889582678 10.85859203338623 0
1706889582745 10.906879425048828 0
1706889582839 10.84306812286377 0
1706889582905 10.841659545898438 0
1706889582981 10.744467735290527 0
1706889583051 10.721810340881348 0
1706889583127 10.728196144104004 0
1706889583195 10.849099159240723 0
1706889583266 10.797805786132812 0
1706889583332 10.693794250488281 0
1706889583401 10.888221740722656 0
1706889583468 10.771748542785645 0
1706889583546 10.892292976379395 0
1706889583613 10.79987621307373 0
1706889583683 10.822918891906738 0
1706889583751 10.819323539733887 0
1706889583821 10.904756546020508 0
1706889583889 10.844834327697754 0
1706889583960 10.845254898071289 0
1706889584028 10.662904739379883 0
1706889584104 10.919953346252441 0
1706889584214 10.820232391357422 0
1706889584286 10.711080551147461 0
1706889584353 10.824180603027344 0
1706889584426 10.909244537353516 0
1706889584493 10.781990051269531 0
1706889584563 10.759512901306152 0
1706889584628 10.776982307434082 0
1706889584699 10.845782279968262 0
1706889584767 10.67611026763916 0
1706889584839 10.730427742004395 0
1706889584907 10.813915252685547 0
1706889584980 10.758013725280762 0
1706889585048 10.762572288513184 0
1706889585123 10.930267333984375 0
1706889585196 10.779626846313477 0
1706889585268 10.863999366760254 0
1706889585337 11.079145431518555 0
1706889585407 10.946425437927246 0
1706889585475 10.831747055053711 0
1706889585545 10.813382148742676 0
1706889585612 10.81303596496582 0
1706889585684 10.690314292907715 0
1706889585756 10.948163032531738 0
1706889585827 10.800858497619629 0
1706889585893 10.98324966430664 0
1706889585963 10.828725814819336 0
1706889586030 10.736942291259766 0
1706889586101 10.761405944824219 0
1706889586167 10.937878608703613 0
1706889586240 10.853652000427246 0
1706889586310 10.729938507080078 0
1706889586383 10.875056266784668 0
1706889586450 10.77789306640625 0
1706889586521 10.875630378723145 0
1706889586588 10.810516357421875 0
1706889586660 10.98025894165039 0
1706889586730 10.822349548339844 0
1706889586800 10.721783638000488 0
1706889586867 10.885274887084961 0
1706889586937 10.900188446044922 0
1706889587006 10.81768798828125 0
1706889587078 10.816398620605469 0
1706889587144 10.835833549499512 0
1706889587214 10.898682594299316 0
1706889587282 10.85814094543457 0
1706889587354 10.911676406860352 0
1706889587425 11.043038368225098 0
1706889587496 10.884164810180664 0
1706889587563 10.807775497436523 0
1706889587635 10.787848472595215 0
1706889587702 10.823570251464844 0
1706889587772 10.798734664916992 0
1706889587839 10.803582191467285 0
1706889587909 10.73663330078125 0
1706889587977 10.943869590759277 0
1706889588049 10.818365097045898 0
1706889588116 10.910840034484863 0
1706889588188 10.725740432739258 0
1706889588256 10.806195259094238 0
1706889588328 10.809460639953613 0
1706889588396 10.851731300354004 0
1706889588471 10.900321006774902 0
1706889588544 10.902531623840332 0
1706889588614 10.840494155883789 0
1706889588682 10.72824764251709 0
1706889588758 10.798002243041992 0
1706889588825 10.829536437988281 0
1706889588895 10.776609420776367 0
1706889588962 10.786179542541504 0
1706889589037 10.63145637512207 0
1706889589105 10.8823823928833 0
1706889589175 10.857569694519043 0
1706889589241 11.027274131774902 0
1706889589312 10.754910469055176 0
1706889589379 10.836074829101562 0
1706889589452 10.774015426635742 0
1706889589519 10.70970344543457 0
1706889589595 10.820470809936523 0
1706889589667 10.897491455078125 0
1706889589739 10.912583351135254 0
1706889589808 10.795472145080566 0
1706889589878 10.847890853881836 0
1706889589945 10.871044158935547 0
1706889590016 10.836688041687012 0
1706889590088 10.84713077545166 0
1706889590182 10.842015266418457 0
1706889590252 10.81950569152832 0
1706889590322 10.889843940734863 0
1706889590392 10.870160102844238 0
1706889590462 10.810850143432617 0
1706889590530 10.716717720031738 0
1706889590602 10.847485542297363 0
1706889590671 10.817002296447754 0
1706889590747 10.856078147888184 0
1706889590815 10.762364387512207 0
1706889590887 10.869916915893555 0
1706889590956 10.814183235168457 0
1706889591030 10.724346160888672 0
1706889591097 10.810388565063477 0
1706889591169 10.798910140991211 0
1706889591237 11.003045082092285 0
1706889591310 10.912315368652344 0
1706889591377 10.820313453674316 0
1706889591448 10.927490234375 0
1706889591516 10.913195610046387 0
1706889591587 10.813425064086914 0
1706889591656 10.809652328491211 0
1706889591729 10.845471382141113 0
1706889591801 10.985136032104492 0
1706889591875 10.870658874511719 0
1706889591942 10.877008438110352 0
1706889592012 10.91374683380127 0
1706889592082 10.807853698730469 0
1706889592153 10.896673202514648 0
1706889592221 10.662095069885254 0
1706889592291 10.7124605178833 0
1706889592359 10.777440071105957 0
1706889592430 10.827265739440918 0
1706889592499 10.885022163391113 0
1706889592569 10.874115943908691 0
1706889592636 10.877037048339844 0
1706889592708 10.899091720581055 0
1706889592782 10.787341117858887 0
1706889592854 10.835514068603516 0
1706889592927 10.815162658691406 0
1706889592999 10.959613800048828 0
1706889593067 10.91787052154541 0
1706889593143 10.94454288482666 0
1706889593209 10.832389831542969 0
1706889593282 10.920437812805176 0
1706889593347 10.817397117614746 0
1706889593421 10.769782066345215 0
1706889593487 10.877311706542969 0
1706889593558 10.86056137084961 0
1706889593632 10.807151794433594 0
1706889593705 10.933723449707031 0
1706889593773 10.806897163391113 0
1706889593842 10.829236030578613 0
1706889593911 10.880270004272461 0
1706889593985 10.943339347839355 0
1706889594054 10.96633529663086 0
1706889594125 10.722477912902832 0
1706889594194 10.856602668762207 0
1706889594264 10.89653491973877 0
1706889594332 10.742820739746094 0
1706889594404 10.832616806030273 0
1706889594471 10.758875846862793 0
1706889594542 10.79080581665039 0
1706889594609 10.884664535522461 0
1706889594680 10.763387680053711 0
1706889594747 10.907001495361328 0
1706889594820 10.599596977233887 0
1706889594887 10.863449096679688 0
1706889594958 10.954446792602539 0
1706889595027 10.819602966308594 0
1706889595103 10.926675796508789 0
1706889595173 10.832048416137695 0
1706889595244 10.812752723693848 0
1706889595312 10.904332160949707 0
1706889595382 10.769203186035156 0
1706889595450 10.737410545349121 0
1706889595520 10.883566856384277 0
1706889595588 10.82248592376709 0
1706889595656 10.85213851928711 0
1706889595723 10.722098350524902 0
1706889595798 10.960850715637207 0
1706889595867 10.665216445922852 0
1706889595937 10.830114364624023 0
1706889596005 10.71501636505127 0
1706889596075 10.910431861877441 0
1706889596141 10.81379508972168 0
1706889596218 10.788155555725098 0
1706889596289 10.809825897216797 0
1706889596358 10.804487228393555 0
1706889596426 10.844594955444336 0
1706889596499 10.870649337768555 0
1706889596566 10.925320625305176 0
1706889596637 10.77937126159668 0
1706889596704 10.63287353515625 0
1706889596775 10.861287117004395 0
1706889596843 10.77387523651123 0
1706889596913 10.858415603637695 0
1706889596981 10.88863468170166 0
1706889597085 10.884299278259277 0
1706889597162 10.821593284606934 0
1706889597231 10.857053756713867 0
1706889597304 10.738969802856445 0
1706889597377 10.89396858215332 0
1706889597445 10.830835342407227 0
1706889597517 10.882344245910645 0
1706889597585 10.916449546813965 0
1706889597656 10.791973114013672 0
1706889597724 10.779475212097168 0
1706889597795 10.888101577758789 0
1706889597863 10.822701454162598 0
1706889597934 10.868353843688965 0
1706889598003 10.853231430053711 0
1706889598076 10.790581703186035 0
1706889598144 10.879145622253418 0
1706889598216 10.877474784851074 0
1706889598282 10.827409744262695 0
1706889598354 10.88420581817627 0
1706889598429 10.886615753173828 0
1706889598503 10.774665832519531 0
1706889598571 10.680895805358887 0
1706889598642 10.945432662963867 0
1706889598708 10.786630630493164 0
1706889598782 10.888541221618652 0
1706889598850 10.920598983764648 0
1706889598921 10.853509902954102 0
1706889598989 10.699705123901367 0
1706889599061 10.707897186279297 0
1706889599129 10.892940521240234 0
1706889599200 10.799206733703613 0
1706889599268 10.769981384277344 0
1706889599341 10.936456680297852 0
1706889599409 10.7036771774292 0
1706889599482 10.889202117919922 0
1706889599554 10.933425903320312 0
1706889599624 10.871261596679688 0
1706889599691 10.822308540344238 0
1706889599763 10.926196098327637 0
1706889599830 10.826833724975586 0
1706889599903 10.892107963562012 0
1706889599970 10.865640640258789 0
1706889600042 10.675477027893066 0
1706889600113 10.915384292602539 0
1706889600187 10.85523796081543 0
1706889600255 10.844215393066406 0
1706889600330 10.809185981750488 0
1706889600399 10.89264965057373 0
1706889600473 10.85078239440918 0
1706889600542 10.810883522033691 0
1706889600616 10.832993507385254 0
1706889600686 10.79222297668457 0
1706889600757 10.948667526245117 0
1706889600828 10.90054702758789 0
1706889600900 10.813243865966797 0
1706889600969 10.864060401916504 0
1706889601045 10.81868839263916 0
1706889601114 10.793098449707031 0
1706889601187 11.023191452026367 0
1706889601256 10.906407356262207 0
1706889601333 10.811949729919434 0
1706889601415 10.812578201293945 0
1706889601498 10.806533813476562 0
1706889601577 10.940692901611328 0
1706889601648 10.862325668334961 0
1706889601719 10.808416366577148 0
1706889601796 10.859991073608398 0
1706889601864 10.791153907775879 0
1706889601938 10.863753318786621 0
1706889602005 10.833659172058105 0
1706889602076 10.810502052307129 0
1706889602144 10.926636695861816 0
1706889602214 10.860259056091309 0
1706889602281 10.826318740844727 0
1706889602353 10.710081100463867 0
1706889602421 10.740970611572266 0
1706889602493 10.82125186920166 0
1706889602560 10.884218215942383 0
1706889602631 10.9039306640625 0
1706889602700 10.898159980773926 0
1706889602789 10.841550827026367 0
1706889602897 10.914663314819336 0
1706889602971 10.851422309875488 0
1706889603039 10.60054874420166 0
1706889603113 10.790498733520508 0
1706889603182 10.700115203857422 0
1706889603253 10.933965682983398 0
1706889603320 10.781611442565918 0
1706889603392 10.773927688598633 0
1706889603461 10.858843803405762 0
1706889603532 10.886597633361816 0
1706889603600 10.972848892211914 0
1706889603671 10.81763744354248 0
1706889603739 10.82551097869873 0
1706889603813 10.880518913269043 0
1706889603881 10.827829360961914 0
1706889603954 10.755145072937012 0
1706889604029 10.866462707519531 0
1706889604100 10.805253982543945 0
1706889604167 10.777347564697266 0
1706889604239 10.771413803100586 0
1706889604306 10.971348762512207 0
1706889604378 10.828381538391113 0
1706889604445 10.767291069030762 0
1706889604518 10.85041332244873 0
1706889604584 10.829595565795898 0
1706889604656 10.939414978027344 0
1706889604724 10.766563415527344 0
1706889604795 10.900312423706055 0
1706889604863 10.795058250427246 0
1706889604934 10.743795394897461 0
1706889605002 10.754846572875977 0
1706889605074 10.912043571472168 0
1706889605199 10.848750114440918 0
1706889605273 10.910611152648926 0
1706889605341 10.839493751525879 0
1706889605411 10.831476211547852 0
1706889605478 10.900381088256836 0
1706889605551 10.75832748413086 0
1706889605619 10.718242645263672 0
1706889605691 10.774086952209473 0
1706889605758 10.822604179382324 0
1706889605833 10.801334381103516 0
1706889605901 10.74374008178711 0
1706889605971 10.83757209777832 0
1706889606039 10.737035751342773 0
1706889606109 10.885130882263184 0
1706889606177 10.943747520446777 0
1706889606252 10.920180320739746 0
1706889606323 10.711128234863281 0
1706889606395 10.747454643249512 0
1706889606466 10.773930549621582 0
1706889606539 10.776154518127441 0
1706889606608 10.74880599975586 0
1706889606679 10.755146980285645 0
1706889606747 10.830718994140625 0
1706889606820 10.685895919799805 0
1706889606888 10.805931091308594 0
1706889606959 10.882869720458984 0
1706889607028 10.809467315673828 0
1706889607101 10.954259872436523 0
1706889607169 10.792673110961914 0
1706889607240 10.886239051818848 0
1706889607308 10.686732292175293 0
1706889607384 10.970808029174805 0
1706889607454 10.854887008666992 0
1706889607524 10.808757781982422 0
1706889607591 10.87252140045166 0
1706889607663 10.912995338439941 0
1706889607729 10.605395317077637 0
1706889607803 10.962295532226562 0
1706889607869 10.664023399353027 0
1706889607941 10.821098327636719 0
1706889608009 10.798518180847168 0
1706889608082 10.846855163574219 0
1706889608148 10.88848876953125 0
1706889608220 10.853175163269043 0
1706889608288 10.751673698425293 0
1706889608359 10.896777153015137 0
1706889608428 10.93210220336914 0
1706889608504 10.781618118286133 0
1706889608573 10.861985206604004 0
1706889608645 10.787601470947266 0
1706889608714 10.774435043334961 0
1706889608785 10.899245262145996 0
1706889608857 10.80014705657959 0
1706889608928 10.803791046142578 0
1706889608995 10.706833839416504 0
1706889609066 10.782063484191895 0
1706889609134 10.74946117401123 0
1706889609203 10.808610916137695 0
1706889609269 10.846487045288086 0
1706889609339 10.84923267364502 0
1706889609406 10.865742683410645 0
1706889609479 10.762481689453125 0
1706889609548 10.897605895996094 0
1706889609628 10.90842056274414 0
1706889609696 10.935891151428223 0
1706889609766 10.780237197875977 0
1706889609834 10.901735305786133 0
1706889609905 10.833510398864746 0
1706889609974 10.856236457824707 0
1706889610046 10.738312721252441 0
1706889610114 10.75855541229248 0
1706889610188 10.765271186828613 0
1706889610259 10.769131660461426 0
1706889610331 10.785425186157227 0
1706889610398 10.790971755981445 0
1706889610469 10.858747482299805 0
1706889610537 10.69968318939209 0
1706889610607 10.811949729919434 0
1706889610679 10.757946014404297 0
1706889610755 10.922951698303223 0
1706889610823 10.843420028686523 0
1706889610883 10.834197998046875 0
