1706889553153 10.888408660888672 0
1706889553255 21.72201156616211 0
1706889553324 32.666982650756836 0
1706889553396 43.5729923248291 0
1706889553467 54.45199489593506 0
1706889553539 65.2646312713623 0
1706889553608 76.14379119873047 0
1706889553696 87.07604312896729 0
1706889553769 97.82003211975098 0
1706889553845 108.63498783111572 0
1706889553919 119.44068908691406 0
1706889553993 130.3428602218628 0
1706889554064 141.18018341064453 0
1706889554134 151.94154357910156 0
1706889554199 162.94322967529297 0
1706889554278 173.94666385650635 0
1706889554350 184.78350257873535 0
1706889554426 195.58509063720703 0
1706889554502 206.47862720489502 0
1706889554606 217.43098163604736 0
1706889554685 228.23631954193115 0
1706889554761 239.09071159362793 0
1706889554836 249.99403953552246 0
1706889554909 260.9625597000122 0
1706889554981 271.7707920074463 0
1706889555056 282.679141998291 0
1706889555128 293.49685764312744 0
1706889555202 304.4359483718872 0
1706889555275 315.1821298599243 0
1706889555353 325.93734645843506 0
1706889555430 336.7379484176636 0
1706889555508 347.6125240325928 0
1706889555580 358.354549407959 0
1706889555655 369.21837425231934 0
1706889555726 379.9864511489868 0
1706889555800 390.8114709854126 0
1706889555872 401.57280826568604 0
1706889555945 412.43032455444336 0
1706889556019 423.40498638153076 0
1706889556099 434.15697383880615 0
1706889556168 445.06021785736084 0
1706889556241 455.8121700286865 0
1706889556309 466.6857376098633 0
1706889556380 477.4885444641113 0
1706889556449 488.3188228607178 0
1706889556522 499.1021385192871 0
1706889556590 510.0836658477783 0
1706889556662 520.9969806671143 0
1706889556732 531.7684640884399 0
1706889556802 542.6920557022095 0
1706889556868 553.4657182693481 0
1706889556940 564.4182834625244 0
1706889557007 575.1233358383179 0
1706889557076 586.0521583557129 0
1706889557144 596.9276542663574 0
1706889557215 607.7279262542725 0
1706889557283 618.4635667800903 0
1706889557354 629.4445314407349 0
1706889557421 640.3270177841187 0
1706889557505 651.0977325439453 0
1706889557576 661.8646202087402 0
1706889557649 672.7530899047852 0
1706889557715 683.6365947723389 0
1706889557784 694.5046110153198 0
1706889557850 705.2737236022949 0
1706889557921 716.1280727386475 0
1706889557988 726.9618539810181 0
1706889558059 737.8349742889404 0
1706889558126 748.7654657363892 0
1706889558195 759.7995862960815 0
1706889558261 770.6798677444458 0
1706889558333 781.5552797317505 0
1706889558399 792.2844552993774 0
1706889558470 803.094316482544 0
1706889558537 813.9697723388672 0
1706889558609 824.776741027832 0
1706889558680 835.6886053085327 0
1706889558753 846.5947780609131 0
1706889558820 857.3286209106445 0
1706889558891 868.1430711746216 0
1706889558959 879.2010173797607 0
1706889559030 890.0116701126099 0
1706889559095 901.0301237106323 0
1706889559167 911.8821601867676 0
1706889559232 922.7736740112305 0
1706889559303 933.6169490814209 0
1706889559368 944.5094909667969 0
1706889559438 955.4528636932373 0
1706889559505 966.1569728851318 0
1706889559576 976.9212532043457 0
1706889559645 987.8705997467041 0
1706889559714 998.7835998535156 0
1706889559789 1009.7713317871094 0
1706889559863 1020.6684875488281 0
1706889559929 1031.6060485839844 0
1706889560002 1042.4809617996216 0
1706889560069 1053.502342224121 0
1706889560141 1064.4103345870972 0
1706889560208 1075.3808393478394 0
1706889560279 1086.1883354187012 0
1706889560346 1097.0263710021973 0
1706889560419 1107.940670967102 0
1706889560488 1118.71120262146 0
1706889560559 1129.578667640686 0
1706889560625 1140.1969242095947 0
1706889560696 1150.997917175293 0
1706889560762 1161.7814798355103 0
1706889560832 1172.6834478378296 0
1706889560905 1183.6458110809326 0
1706889560978 1194.5766458511353 0
1706889561046 1205.4046478271484 0
1706889561118 1216.2290897369385 0
1706889561186 1227.0924320220947 0
1706889561257 1237.905348777771 0
1706889561323 1248.835000038147 0
1706889561392 1259.7093486785889 0
1706889561461 1270.5167617797852 0
1706889561532 1281.2735624313354 0
1706889561598 1292.145920753479 0
1706889561668 1302.9482221603394 0
1706889561737 1313.933430671692 0
1706889561832 1324.8798475265503 0
1706889561922 1335.6530771255493 0
1706889561995 1346.5620079040527 0
1706889562064 1357.5102376937866 0
1706889562133 1368.4376935958862 0
1706889562200 1379.2605876922607 0
1706889562270 1390.1582946777344 0
1706889562336 1400.980089187622 0
1706889562405 1411.8044052124023 0
1706889562471 1422.614785194397 0
1706889562541 1433.4008073806763 0
1706889562608 1444.2120790481567 0
1706889562678 1455.1270694732666 0
1706889562746 1465.951455116272 0
1706889562816 1476.915795326233 0
1706889562882 1487.803207397461 0
1706889562953 1498.7962074279785 0
1706889563021 1509.6607704162598 0
1706889563101 1520.4380197525024 0
1706889563170 1531.4182014465332 0
1706889563242 1542.2592782974243 0
1706889563308 1553.194221496582 0
1706889563380 1563.9712572097778 0
1706889563456 1574.9571933746338 0
1706889563526 1585.8633794784546 0
1706889563594 1596.6765623092651 0
1706889563662 1607.5848665237427 0
1706889563764 1618.5227556228638 0
1706889563879 1629.3115406036377 0
1706889563946 1640.2631349563599 0
1706889564017 1651.091341972351 0
1706889564083 1661.8861818313599 0
1706889564153 1672.6681566238403 0
1706889564224 1683.4924821853638 0
1706889564295 1694.2568616867065 0
1706889564362 1705.0220279693604 0
1706889564432 1715.9685802459717 0
1706889564499 1726.860556602478 0
1706889564569 1737.7284984588623 0
1706889564634 1748.543921470642 0
1706889564704 1759.4205226898193 0
1706889564771 1770.1856527328491 0
1706889564843 1781.040195465088 0
1706889564910 1792.0031461715698 0
1706889564981 1802.7728071212769 0
1706889565049 1813.5527544021606 0
1706889565119 1824.3500080108643 0
1706889565186 1835.227710723877 0
1706889565258 1846.2737550735474 0
1706889565330 1857.0826797485352 0
1706889565403 1867.925898551941 0
1706889565473 1878.7501096725464 0
1706889565542 1889.4159469604492 0
1706889565609 1900.3042316436768 0
1706889565679 1911.1058778762817 0
1706889565746 1921.9995594024658 0
1706889565817 1932.973222732544 0
1706889565883 1943.8120937347412 0
1706889565953 1954.6275253295898 0
1706889566018 1965.5662841796875 0
1706889566088 1976.436912536621 0
1706889566153 1987.324131011963 0
1706889566227 1998.134895324707 0
1706889566295 2008.938835144043 0
1706889566370 2019.8799848556519 0
1706889566440 2030.587727546692 0
1706889566513 2041.378282546997 0
1706889566579 2052.267303466797 0
1706889566649 2063.1319618225098 0
1706889566715 2073.985095977783 0
1706889566785 2084.8097677230835 0
1706889566852 2095.6701440811157 0
1706889566920 2106.4224824905396 0
1706889566986 2117.2837657928467 0
1706889567063 2128.09325504303 0
1706889567130 2139.121374130249 0
1706889567200 2150.0084505081177 0
1706889567267 2160.9303245544434 0
1706889567337 2171.764817237854 0
1706889567406 2182.595955848694 0
1706889567479 2193.4990282058716 0
1706889567549 2204.447717666626 0
1706889567620 2215.290086746216 0
1706889567687 2226.094099998474 0
1706889567757 2236.849184989929 0
1706889567826 2247.87757396698 0
1706889567897 2258.7777423858643 0
1706889567963 2269.665186882019 0
1706889568034 2280.6251134872437 0
1706889568101 2291.422477722168 0
1706889568170 2302.288625717163 0
1706889568237 2313.118719100952 0
1706889568308 2323.834535598755 0
1706889568376 2334.5983848571777 0
1706889568445 2345.33056640625 0
1706889568512 2356.3230333328247 0
1706889568584 2367.1448917388916 0
1706889568656 2378.068021774292 0
1706889568727 2388.919629096985 0
1706889568793 2399.813346862793 0
1706889568862 2410.705415725708 0
1706889568930 2421.575140953064 0
1706889569002 2432.470269203186 0
1706889569071 2443.3598957061768 0
1706889569144 2454.3001766204834 0
1706889569209 2465.235279083252 0
1706889569281 2476.124443054199 0
1706889569348 2486.9687728881836 0
1706889569418 2497.910990715027 0
1706889569486 2508.8448038101196 0
1706889569556 2519.7631311416626 0
1706889569624 2530.6180992126465 0
1706889569697 2541.3786878585815 0
1706889569767 2552.2371797561646 0
1706889569838 2562.9386463165283 0
1706889569907 2573.720503807068 0
1706889569980 2584.6656970977783 0
1706889570050 2595.5745553970337 0
1706889570121 2606.436779975891 0
1706889570186 2617.2520990371704 0
1706889570257 2628.096194267273 0
1706889570324 2638.943949699402 0
1706889570395 2649.8874282836914 0
1706889570463 2660.651901245117 0
1706889570535 2671.5828714370728 0
1706889570601 2682.4891986846924 0
1706889570671 2693.3040084838867 0
1706889570737 2704.263876914978 0
1706889570810 2715.070962905884 0
1706889570882 2725.988613128662 0
1706889570952 2736.771007537842 0
1706889571019 2747.681040763855 0
1706889571090 2758.4464321136475 0
1706889571158 2769.2307987213135 0
1706889571229 2780.031988143921 0
1706889571296 2790.878221511841 0
1706889571365 2801.6734380722046 0
1706889571431 2812.5099773406982 0
1706889571503 2823.340884208679 0
1706889571571 2834.18252658844 0
1706889571642 2844.9888429641724 0
1706889571708 2855.946473121643 0
1706889571780 2866.7964782714844 0
1706889571846 2877.6513814926147 0
1706889571920 2888.516537666321 0
1706889571989 2899.4001388549805 0
1706889572061 2910.335175514221 0
1706889572126 2921.1442708969116 0
1706889572196 2932.0182304382324 0
1706889572263 2942.9312629699707 0
1706889572334 2953.8395195007324 0
1706889572404 2964.6868448257446 0
1706889572474 2975.631001472473 0
1706889572541 2986.4740781784058 0
1706889572611 2997.3297119140625 0
1706889572691 3008.167381286621 0
1706889572765 3018.9889039993286 0
1706889572832 3029.8025999069214 0
1706889572902 3040.64675617218 0
1706889572971 3051.4364614486694 0
1706889573050 3062.193549156189 0
1706889573122 3073.04314994812 0
1706889573192 3083.890486717224 0
1706889573259 3094.7193126678467 0
1706889573329 3105.4815559387207 0
1706889573396 3116.331226348877 0
1706889573467 3127.2676095962524 0
1706889573542 3138.1049222946167 0
1706889573613 3149.0183248519897 0
1706889573678 3159.781880378723 0
1706889573748 3170.7619638442993 0
1706889573815 3181.471152305603 0
1706889573887 3192.439910888672 0
1706889573952 3203.262085914612 0
1706889574022 3214.183274269104 0
1706889574090 3225.009847640991 0
1706889574164 3235.750702857971 0
1706889574231 3246.532525062561 0
1706889574300 3257.4536123275757 0
1706889574367 3268.2540550231934 0
1706889574437 3279.1768741607666 0
1706889574503 3290.0064220428467 0
1706889574574 3300.8585720062256 0
1706889574643 3311.6871576309204 0
1706889574712 3322.54887676239 0
1706889574777 3333.2806720733643 0
1706889574848 3344.146017074585 0
1706889574913 3354.948408126831 0
1706889574986 3365.790859222412 0
1706889575055 3376.67786693573 0
1706889575127 3387.540246963501 0
1706889575196 3398.3400859832764 0
1706889575271 3409.070242881775 0
1706889575338 3419.8386039733887 0
1706889575407 3430.8245906829834 0
1706889575473 3441.7613067626953 0
1706889575544 3452.6528759002686 0
1706889575610 3463.501051902771 0
1706889575681 3474.302388191223 0
1706889575748 3485.130913734436 0
1706889575819 3496.0423412323 0
1706889575886 3506.8702268600464 0
1706889575958 3517.7917737960815 0
1706889576024 3528.762101173401 0
1706889576095 3539.7102069854736 0
1706889576161 3550.3932065963745 0
1706889576231 3561.23242855072 0
1706889576298 3572.0073461532593 0
1706889576373 3582.9040660858154 0
1706889576441 3593.8146276474 0
1706889576515 3604.6305646896362 0
1706889576583 3615.4518146514893 0
1706889576654 3626.2773447036743 0
1706889576721 3637.0794401168823 0
1706889576792 3647.9894189834595 0
1706889576859 3658.836452484131 0
1706889576929 3669.767677307129 0
1706889576997 3680.5338592529297 0
1706889577069 3691.39892578125 0
1706889577137 3702.2055835723877 0
1706889577208 3713.118628501892 0
1706889577273 3723.8785333633423 0
1706889577343 3734.6343364715576 0
1706889577410 3745.4393701553345 0
1706889577484 3756.3095235824585 0
1706889577551 3767.1443014144897 0
1706889577621 3778.032091140747 0
1706889577688 3788.8891944885254 0
1706889577759 3799.6520318984985 0
1706889577825 3810.598811149597 0
1706889577895 3821.4528217315674 0
1706889577962 3832.281126022339 0
1706889578034 3843.157356262207 0
1706889578100 3853.831269264221 0
1706889578171 3864.769603729248 0
1706889578238 3875.733444213867 0
1706889578307 3886.5636672973633 0
1706889578376 3897.3874111175537 0
1706889578446 3908.2391262054443 0
1706889578513 3919.023609161377 0
1706889578589 3929.864661216736 0
1706889578654 3940.556911468506 0
1706889578726 3951.300317764282 0
1706889578794 3962.241340637207 0
1706889578866 3973.1690044403076 0
1706889578933 3984.1736879348755 0
1706889579003 3994.921039581299 0
1706889579070 4005.6755475997925 0
1706889579142 4016.4958686828613 0
1706889579209 4027.371214866638 0
1706889579282 4038.1837577819824 0
1706889579347 4048.9616651535034 0
1706889579417 4059.7396488189697 0
1706889579483 4070.5538959503174 0
1706889579554 4081.4370498657227 0
1706889579624 4092.249260902405 0
1706889579699 4103.137091636658 0
1706889579769 4114.0536823272705 0
1706889579840 4125.0163288116455 0
1706889579906 4135.930760383606 0
1706889579979 4146.7609758377075 0
1706889580048 4157.5434465408325 0
1706889580121 4168.348620414734 0
1706889580187 4179.225049972534 0
1706889580259 4190.082252502441 0
1706889580325 4200.80841255188 0
1706889580396 4211.583101272583 0
1706889580462 4222.362075805664 0
1706889580532 4233.194319725037 0
1706889580597 4243.948811531067 0
1706889580670 4254.799948692322 0
1706889580740 4265.734418869019 0
1706889580814 4276.5636377334595 0
1706889580880 4287.36706161499 0
1706889580952 4298.320805549622 0
1706889581020 4309.206479072571 0
1706889581116 4319.980596542358 0
1706889581190 4330.850302696228 0
1706889581265 4341.765842437744 0
1706889581339 4352.5374393463135 0
1706889581413 4363.3860912323 0
1706889581483 4374.351765632629 0
1706889581558 4385.227803230286 0
1706889581626 4395.982209205627 0
1706889581697 4406.7238073349 0
1706889581764 4417.600958824158 0
1706889581842 4428.370686531067 0
1706889581913 4439.224025726318 0
1706889581985 4450.015242576599 0
1706889582053 4460.907685279846 0
1706889582123 4471.733245849609 0
1706889582191 4482.55818939209 0
1706889582261 4493.471612930298 0
1706889582328 4504.404258728027 0
1706889582398 4515.08975315094 0
1706889582468 4525.827097892761 0
1706889582542 4536.638543128967 0
1706889582611 4547.63028049469 0
1706889582683 4558.488872528076 0
1706889582769 4569.395751953125 0
1706889582844 4580.238820075989 0
1706889582910 4591.080479621887 0
1706889582986 4601.824947357178 0
1706889583057 4612.546757698059 0
1706889583133 4623.274953842163 0
1706889583201 4634.124053001404 0
1706889583272 4644.921858787537 0
1706889583337 4655.615653038025 0
1706889583407 4666.503874778748 0
1706889583476 4677.275623321533 0
1706889583552 4688.167916297913 0
1706889583618 4698.967792510986 0
1706889583689 4709.790711402893 0
1706889583756 4720.610034942627 0
1706889583827 4731.5147914886475 0
1706889583895 4742.359625816345 0
1706889583966 4753.2048807144165 0
1706889584035 4763.867785453796 0
1706889584109 4774.787738800049 0
1706889584220 4785.607971191406 0
1706889584292 4796.319051742554 0
1706889584359 4807.143232345581 0
1706889584432 4818.052476882935 0
1706889584499 4828.834466934204 0
1706889584568 4839.59397983551 0
1706889584634 4850.370962142944 0
1706889584705 4861.216744422913 0
1706889584773 4871.892854690552 0
1706889584845 4882.623282432556 0
1706889584913 4893.437197685242 0
1706889584986 4904.1952114105225 0
1706889585054 4914.957783699036 0
1706889585129 4925.88805103302 0
1706889585201 4936.6676778793335 0
1706889585274 4947.531677246094 0
1706889585343 4958.610822677612 0
1706889585413 4969.55724811554 0
1706889585480 4980.388995170593 0
1706889585550 4991.202377319336 0
1706889585619 5002.015413284302 0
1706889585692 5012.7057275772095 0
1706889585762 5023.653890609741 0
1706889585832 5034.454749107361 0
1706889585899 5045.4379987716675 0
1706889585968 5056.266724586487 0
1706889586036 5067.003666877747 0
1706889586107 5077.765072822571 0
1706889586173 5088.702951431274 0
1706889586246 5099.556603431702 0
1706889586316 5110.286541938782 0
1706889586388 5121.161598205566 0
1706889586455 5131.939491271973 0
1706889586527 5142.815121650696 0
1706889586594 5153.625638008118 0
1706889586666 5164.605896949768 0
1706889586736 5175.428246498108 0
1706889586805 5186.150030136108 0
1706889586872 5197.035305023193 0
1706889586943 5207.935493469238 0
1706889587012 5218.7531814575195 0
1706889587084 5229.569580078125 0
1706889587150 5240.4054136276245 0
1706889587220 5251.304096221924 0
1706889587288 5262.162237167358 0
1706889587360 5273.073913574219 0
1706889587430 5284.116951942444 0
1706889587502 5295.0011167526245 0
1706889587569 5305.808892250061 0
1706889587642 5316.596740722656 0
1706889587708 5327.420310974121 0
1706889587778 5338.219045639038 0
1706889587845 5349.022627830505 0
1706889587915 5359.759261131287 0
1706889587983 5370.703130722046 0
1706889588055 5381.521495819092 0
1706889588122 5392.432335853577 0
1706889588193 5403.158076286316 0
1706889588263 5413.96427154541 0
1706889588334 5424.773732185364 0
1706889588402 5435.625463485718 0
1706889588476 5446.525784492493 0
1706889588550 5457.428316116333 0
1706889588620 5468.268810272217 0
1706889588688 5478.997057914734 0
1706889588764 5489.795060157776 0
1706889588831 5500.624596595764 0
1706889588901 5511.4012060165405 0
1706889588969 5522.187385559082 0
1706889589043 5532.818841934204 0
1706889589111 5543.701224327087 0
1706889589181 5554.558794021606 0
1706889589247 5565.586068153381 0
1706889589318 5576.3409786224365 0
1706889589385 5587.177053451538 0
1706889589458 5597.951068878174 0
1706889589524 5608.660772323608 0
1706889589601 5619.481243133545 0
1706889589673 5630.378734588623 0
1706889589746 5641.291317939758 0
1706889589813 5652.086790084839 0
1706889589883 5662.934680938721 0
1706889589951 5673.805725097656 0
1706889590022 5684.642413139343 0
1706889590094 5695.489543914795 0
1706889590189 5706.331559181213 0
1706889590258 5717.151064872742 0
1706889590328 5728.040908813477 0
1706889590398 5738.911068916321 0
1706889590468 5749.721919059753 0
1706889590537 5760.438636779785 0
1706889590608 5771.2861223220825 0
1706889590678 5782.10312461853 0
1706889590754 5792.9592027664185 0
1706889590821 5803.721567153931 0
1706889590893 5814.591484069824 0
1706889590961 5825.405667304993 0
1706889591037 5836.130013465881 0
1706889591103 5846.940402030945 0
1706889591175 5857.739312171936 0
1706889591243 5868.742357254028 0
1706889591316 5879.654672622681 0
1706889591383 5890.474986076355 0
1706889591453 5901.40247631073 0
1706889591522 5912.315671920776 0
1706889591593 5923.129096984863 0
1706889591662 5933.9387493133545 0
1706889591735 5944.784220695496 0
1706889591807 5955.7693567276 0
1706889591881 5966.640015602112 0
1706889591948 5977.517024040222 0
1706889592018 5988.430770874023 0
1706889592087 5999.238624572754 0
1706889592159 6010.135297775269 0
1706889592227 6020.797392845154 0
1706889592297 6031.509853363037 0
1706889592365 6042.287293434143 0
1706889592436 6053.114559173584 0
1706889592504 6063.999581336975 0
1706889592575 6074.873697280884 0
1706889592642 6085.750734329224 0
1706889592713 6096.649826049805 0
1706889592787 6107.437167167664 0
1706889592860 6118.272681236267 0
1706889592933 6129.0878438949585 0
1706889593005 6140.047457695007 0
1706889593074 6150.965328216553 0
1706889593149 6161.909871101379 0
1706889593214 6172.742260932922 0
1706889593287 6183.6626987457275 0
1706889593353 6194.480095863342 0
1706889593426 6205.2498779296875 0
1706889593493 6216.1271896362305 0
1706889593564 6226.98775100708 0
1706889593638 6237.794902801514 0
1706889593711 6248.728626251221 0
1706889593778 6259.535523414612 0
1706889593848 6270.36475944519 0
1706889593916 6281.245029449463 0
1706889593991 6292.188368797302 0
1706889594060 6303.154704093933 0
1706889594131 6313.877182006836 0
1706889594200 6324.733784675598 0
1706889594270 6335.630319595337 0
1706889594338 6346.373140335083 0
1706889594409 6357.205757141113 0
1706889594477 6367.964632987976 0
1706889594549 6378.7554388046265 0
1706889594615 6389.640103340149 0
1706889594686 6400.403491020203 0
1706889594753 6411.310492515564 0
1706889594826 6421.910089492798 0
1706889594893 6432.7735385894775 0
1706889594964 6443.72798538208 0
1706889595033 6454.547588348389 0
1706889595109 6465.4742641448975 0
1706889595180 6476.306312561035 0
1706889595251 6487.119065284729 0
1706889595317 6498.023397445679 0
1706889595389 6508.792600631714 0
1706889595455 6519.530011177063 0
1706889595526 6530.413578033447 0
1706889595593 6541.236063957214 0
1706889595662 6552.0882024765015 0
1706889595729 6562.810300827026 0
1706889595804 6573.771151542664 0
1706889595873 6584.436367988586 0
1706889595943 6595.26648235321 0
1706889596011 6605.981498718262 0
1706889596081 6616.891930580139 0
1706889596147 6627.705725669861 0
1706889596224 6638.493881225586 0
1706889596294 6649.303707122803 0
1706889596363 6660.108194351196 0
1706889596432 6670.952789306641 0
1706889596504 6681.823438644409 0
1706889596572 6692.748759269714 0
1706889596643 6703.528130531311 0
1706889596710 6714.161004066467 0
1706889596781 6725.022291183472 0
1706889596849 6735.796166419983 0
1706889596919 6746.654582023621 0
1706889596987 6757.543216705322 0
1706889597098 6768.4275159835815 0
1706889597167 6779.2491092681885 0
1706889597238 6790.106163024902 0
1706889597310 6800.845132827759 0
1706889597383 6811.739101409912 0
1706889597451 6822.569936752319 0
1706889597523 6833.45228099823 0
1706889597591 6844.368730545044 0
1706889597663 6855.160703659058 0
1706889597730 6865.940178871155 0
1706889597801 6876.828280448914 0
1706889597869 6887.650981903076 0
1706889597940 6898.519335746765 0
1706889598009 6909.372567176819 0
1706889598081 6920.163148880005 0
1706889598150 6931.042294502258 0
1706889598222 6941.919769287109 0
1706889598288 6952.747179031372 0
1706889598361 6963.631384849548 0
1706889598435 6974.518000602722 0
1706889598509 6985.292666435242 0
1706889598577 6995.973562240601 0
1706889598648 7006.918994903564 0
1706889598714 7017.705625534058 0
1706889598788 7028.594166755676 0
1706889598855 7039.514765739441 0
1706889598927 7050.368275642395 0
1706889598995 7061.067980766296 0
1706889599067 7071.775877952576 0
1706889599135 7082.668818473816 0
1706889599206 7093.4680252075195 0
1706889599274 7104.238006591797 0
1706889599348 7115.174463272095 0
1706889599416 7125.878140449524 0
1706889599488 7136.767342567444 0
1706889599559 7147.700768470764 0
1706889599630 7158.572030067444 0
1706889599697 7169.394338607788 0
1706889599768 7180.320534706116 0
1706889599836 7191.147368431091 0
1706889599909 7202.039476394653 0
1706889599976 7212.905117034912 0
1706889600048 7223.580594062805 0
1706889600119 7234.495978355408 0
1706889600192 7245.351216316223 0
1706889600261 7256.19543170929 0
1706889600335 7267.00461769104 0
1706889600405 7277.897267341614 0
1706889600480 7288.748049736023 0
1706889600548 7299.558933258057 0
1706889600621 7310.391926765442 0
1706889600693 7321.1841497421265 0
1706889600767 7332.132817268372 0
1706889600834 7343.0333642959595 0
1706889600906 7353.846608161926 0
1706889600976 7364.710668563843 0
1706889601052 7375.529356956482 0
1706889601120 7386.322455406189 0
1706889601194 7397.345646858215 0
1706889601262 7408.2520542144775 0
1706889601340 7419.064003944397 0
1706889601421 7429.876582145691 0
1706889601504 7440.6831159591675 0
1706889601583 7451.623808860779 0
1706889601654 7462.486134529114 0
1706889601725 7473.294550895691 0
1706889601802 7484.154541969299 0
1706889601871 7494.945695877075 0
1706889601944 7505.809449195862 0
1706889602011 7516.64310836792 0
1706889602083 7527.453610420227 0
1706889602149 7538.380247116089 0
1706889602221 7549.24050617218 0
1706889602288 7560.066824913025 0
1706889602360 7570.776906013489 0
1706889602428 7581.517876625061 0
1706889602499 7592.339128494263 0
1706889602566 7603.223346710205 0
1706889602638 7614.127277374268 0
1706889602706 7625.0254373550415 0
1706889602830 7635.866988182068 0
1706889602903 7646.781651496887 0
1706889602977 7657.633073806763 0
1706889603046 7668.233622550964 0
1706889603119 7679.024121284485 0
1706889603188 7689.724236488342 0
1706889603259 7700.658202171326 0
1706889603326 7711.439813613892 0
1706889603398 7722.21374130249 0
1706889603467 7733.072585105896 0
1706889603538 7743.959182739258 0
1706889603606 7754.93203163147 0
1706889603678 7765.749669075012 0
1706889603745 7776.575180053711 0
1706889603819 7787.45569896698 0
1706889603887 7798.283528327942 0
1706889603960 7809.038673400879 0
1706889604035 7819.905136108398 0
1706889604106 7830.710390090942 0
1706889604174 7841.48773765564 0
1706889604245 7852.25915145874 0
1706889604312 7863.230500221252 0
1706889604383 7874.058881759644 0
1706889604451 7884.826172828674 0
1706889604524 7895.676586151123 0
1706889604590 7906.506181716919 0
1706889604662 7917.445596694946 0
1706889604730 7928.212160110474 0
1706889604802 7939.11247253418 0
1706889604869 7949.907530784607 0
1706889604941 7960.651326179504 0
1706889605008 7971.40617275238 0
1706889605080 7982.3182163238525 0
1706889605205 7993.1669664382935 0
1706889605279 8004.077577590942 0
1706889605346 8014.917071342468 0
1706889605417 8025.748547554016 0
1706889605484 8036.648928642273 0
1706889605557 8047.407256126404 0
1706889605625 8058.1254987716675 0
1706889605698 8068.899585723877 0
1706889605764 8079.722189903259 0
1706889605838 8090.523524284363 0
1706889605907 8101.26726436615 0
1706889605977 8112.104836463928 0
1706889606045 8122.841872215271 0
1706889606116 8133.727003097534 0
1706889606184 8144.670750617981 0
1706889606258 8155.590930938721 0
1706889606329 8166.302059173584 0
1706889606401 8177.0495138168335 0
1706889606472 8187.823444366455 0
1706889606546 8198.599598884583 0
1706889606614 8209.348404884338 0
1706889606685 8220.103551864624 0
1706889606754 8230.934270858765 0
1706889606827 8241.620166778564 0
1706889606894 8252.426097869873 0
1706889606965 8263.308967590332 0
1706889607035 8274.118434906006 0
1706889607107 8285.072694778442 0
1706889607175 8295.865367889404 0
1706889607246 8306.751606941223 0
1706889607314 8317.438339233398 0
1706889607390 8328.409147262573 0
1706889607459 8339.26403427124 0
1706889607530 8350.072792053223 0
1706889607597 8360.945313453674 0
1706889607669 8371.858308792114 0
1706889607737 8382.463704109192 0
1706889607808 8393.425999641418 0
1706889607876 8404.090023040771 0
1706889607947 8414.911121368408 0
1706889608015 8425.709639549255 0
1706889608088 8436.55649471283 0
1706889608154 8447.44498348236 0
1706889608226 8458.29815864563 0
1706889608294 8469.049832344055 0
1706889608365 8479.94660949707 0
1706889608434 8490.87871170044 0
1706889608510 8501.660329818726 0
1706889608579 8512.52231502533 0
1706889608651 8523.309916496277 0
1706889608720 8534.084351539612 0
1706889608791 8544.983596801758 0
1706889608863 8555.783743858337 0
1706889608933 8566.58753490448 0
1706889609001 8577.294368743896 0
1706889609072 8588.076432228088 0
1706889609139 8598.8258934021 0
1706889609209 8609.634504318237 0
1706889609275 8620.480991363525 0
1706889609346 8631.33022403717 0
1706889609412 8642.195966720581 0
1706889609485 8652.958448410034 0
1706889609554 8663.85605430603 0
1706889609634 8674.764474868774 0
1706889609702 8685.700366020203 0
1706889609772 8696.480603218079 0
1706889609841 8707.382338523865 0
1706889609911 8718.21584892273 0
1706889609980 8729.072085380554 0
1706889610051 8739.810398101807 0
1706889610120 8750.5689535141 0
1706889610194 8761.334224700928 0
1706889610266 8772.10335636139 0
1706889610337 8782.888781547546 0
1706889610404 8793.679753303528 0
1706889610475 8804.538500785828 0
1706889610543 8815.23818397522 0
1706889610613 8826.05013370514 0
1706889610684 8836.808079719543 0
1706889610762 8847.731031417847 0
1706889610829 8858.574451446533 0
1706889610888 8869.40864944458 0
